drug,composite_score,n_targets,max_target_risk,mean_target_risk,weighted_risk,network_importance,targets
DRUG_0588,0.98,1,0.98,0.98,0.98,0.0,GENE_90
DRUG_0696,0.9600000000000001,1,0.96,0.96,0.96,0.0,GENE_3348
DRUG_0318,0.9210428559662989,2,0.94,0.9199999999999999,0.9199999999999999,0.0,"GENE_1297,GENE_4035"
DRUG_0137,0.91,1,0.91,0.91,0.91,0.0,GENE_3262
DRUG_0461,0.91,1,0.91,0.91,0.91,0.0,GENE_1959
DRUG_0499,0.9045357499130812,2,0.93,0.895,0.895,0.0,"GENE_3084,GENE_1544"
DRUG_0884,0.904059176791751,2,0.91,0.9,0.9,0.0,"GENE_1774,GENE_3914"
DRUG_0810,0.9,1,0.9,0.9,0.9,0.0,GENE_3610
DRUG_0068,0.9,1,0.9,0.9,0.9,0.0,GENE_3815
DRUG_0624,0.9,1,0.9,0.9,0.9,0.0,GENE_2443
DRUG_0617,0.8900000000000001,1,0.89,0.89,0.89,0.0,GENE_4181
DRUG_0206,0.8879621643230122,2,0.94,0.875,0.875,0.0,"GENE_677,GENE_4163"
DRUG_0545,0.8876777731742092,3,0.92,0.8933333333333334,0.8933333333333334,0.0,"GENE_2560,GENE_2167,GENE_1294"
DRUG_0750,0.88,1,0.88,0.88,0.88,0.0,GENE_1301
DRUG_0481,0.8776091914929448,4,0.95,0.8724999999999999,0.8724999999999999,0.0,"GENE_4940,GENE_878,GENE_3718,GENE_4000"
DRUG_0164,0.8716844136252141,3,0.95,0.8666666666666666,0.8666666666666666,0.0,"GENE_2055,GENE_184,GENE_4355"
DRUG_0636,0.8603338355540081,6,0.93,0.85,0.85,0.0,"GENE_4567,GENE_748,GENE_3757,GENE_1837,GENE_572,GENE_270"
DRUG_0567,0.8600000000000001,1,0.86,0.86,0.86,0.0,GENE_1412
DRUG_0626,0.85956973509816,3,0.92,0.87,0.87,0.0,"GENE_3209,GENE_960,GENE_4602"
DRUG_0153,0.8516291528051139,2,0.95,0.85,0.85,0.0,"GENE_703,GENE_3711"
DRUG_0246,0.8474002661053937,2,0.9,0.8400000000000001,0.8400000000000001,0.0,"GENE_914,GENE_4411"
DRUG_0103,0.8462509059544951,2,0.87,0.845,0.845,0.0,"GENE_1609,GENE_222"
DRUG_0605,0.8440877839676925,3,0.9,0.8433333333333333,0.8433333333333333,0.0,"GENE_626,GENE_3558,GENE_1332"
DRUG_0998,0.836163896467371,3,0.85,0.8333333333333334,0.8333333333333334,0.0,"GENE_4979,GENE_728,GENE_958"
DRUG_0903,0.8345959860327928,2,0.84,0.835,0.835,0.0,"GENE_722,GENE_3432"
DRUG_0019,0.8312335018808408,2,0.92,0.855,0.855,0.0,"GENE_3015,GENE_4548"
DRUG_0798,0.83,1,0.83,0.83,0.83,0.0,GENE_4979
DRUG_0513,0.83,1,0.83,0.83,0.83,0.0,GENE_2160
DRUG_0568,0.83,1,0.83,0.83,0.83,0.0,GENE_2601
DRUG_0342,0.83,1,0.83,0.83,0.83,0.0,GENE_3876
DRUG_0899,0.83,1,0.83,0.83,0.83,0.0,GENE_3995
DRUG_0533,0.8289641699576401,2,0.85,0.8300000000000001,0.8300000000000001,0.0,"GENE_3578,GENE_3851"
DRUG_0875,0.8288486094735181,3,0.88,0.8266666666666667,0.8266666666666667,0.0,"GENE_2729,GENE_4132,GENE_3234"
DRUG_0775,0.8232363765642289,4,0.85,0.8200000000000001,0.8200000000000001,0.0,"GENE_2412,GENE_4865,GENE_4564,GENE_4711"
DRUG_0134,0.8200000000000001,1,0.82,0.82,0.82,0.0,GENE_1164
DRUG_0762,0.82,1,0.82,0.82,0.82,0.0,GENE_442
DRUG_0168,0.82,1,0.82,0.82,0.82,0.0,GENE_2066
DRUG_0642,0.8186205526171113,2,0.87,0.81,0.81,0.0,"GENE_4690,GENE_3688"
DRUG_0236,0.8121590352874857,2,0.88,0.8200000000000001,0.8200000000000001,0.0,"GENE_3992,GENE_1970"
DRUG_0909,0.8110783861732266,2,0.83,0.815,0.815,0.0,"GENE_1189,GENE_3876"
DRUG_0987,0.81,1,0.81,0.81,0.81,0.0,GENE_967
DRUG_0735,0.81,1,0.81,0.81,0.81,0.0,GENE_356
DRUG_0575,0.8074947309448954,2,0.9,0.8,0.8,0.0,"GENE_3337,GENE_3194"
DRUG_0421,0.8033006150713535,5,0.86,0.79,0.79,0.0,"GENE_4300,GENE_317,GENE_4331,GENE_3960,GENE_714"
DRUG_0968,0.8005000853924759,6,0.9,0.7383333333333334,0.7383333333333334,0.0,"GENE_4615,GENE_2832,GENE_2389,GENE_870,GENE_4933,GENE_796"
DRUG_0517,0.8000000000000002,1,0.8,0.8,0.8,0.0,GENE_623
DRUG_0570,0.8000000000000002,1,0.8,0.8,0.8,0.0,GENE_529
DRUG_0275,0.8,1,0.8,0.8,0.8,0.0,GENE_1693
DRUG_0194,0.7916037540793275,3,0.81,0.7933333333333333,0.7933333333333333,0.0,"GENE_2123,GENE_4317,GENE_2590"
DRUG_0724,0.7904035436366178,6,0.95,0.7199999999999999,0.7199999999999999,0.0,"GENE_4806,GENE_3386,GENE_2354,GENE_2796,GENE_2556,GENE_4545"
DRUG_0100,0.78,1,0.78,0.78,0.78,0.0,GENE_4317
DRUG_0085,0.7700000000000001,1,0.77,0.77,0.77,0.0,GENE_4780
DRUG_0010,0.77,1,0.77,0.77,0.77,0.0,GENE_59
DRUG_0664,0.7672944571608759,7,0.96,0.7485714285714286,0.7485714285714286,0.0,"GENE_4011,GENE_4593,GENE_4117,GENE_2361,GENE_3925,GENE_2215,GENE_4416"
DRUG_0127,0.7648818938494631,6,0.92,0.7333333333333334,0.7333333333333334,0.0,"GENE_4616,GENE_1282,GENE_4483,GENE_1423,GENE_4881,GENE_508"
DRUG_0641,0.76,1,0.76,0.76,0.76,0.0,GENE_29
DRUG_0633,0.76,1,0.76,0.76,0.76,0.0,GENE_3629
DRUG_0543,0.76,1,0.76,0.76,0.76,0.0,GENE_35
DRUG_0096,0.76,1,0.76,0.76,0.76,0.0,GENE_3629
DRUG_0629,0.7581525617768194,9,0.87,0.6744444444444444,0.6744444444444444,0.0,"GENE_2661,GENE_3496,GENE_3487,GENE_1252,GENE_2868,GENE_1050,GENE_4069,GENE_889,GENE_4434"
DRUG_0042,0.7564642401507637,3,0.92,0.6533333333333333,0.6533333333333333,0.0,"GENE_2666,GENE_2969,GENE_1170"
DRUG_0439,0.7342609905652826,3,0.91,0.6166666666666667,0.6166666666666667,0.0,"GENE_1267,GENE_2924,GENE_3782"
DRUG_0550,0.7330298136329334,7,0.94,0.7514285714285714,0.7514285714285714,0.0,"GENE_4767,GENE_1376,GENE_186,GENE_1202,GENE_4485,GENE_4719,GENE_1662"
DRUG_0436,0.7328920027056657,8,0.9,0.7337499999999999,0.7337499999999999,0.0,"GENE_3654,GENE_2829,GENE_3431,GENE_3121,GENE_397,GENE_2942,GENE_2311,GENE_3610"
DRUG_0284,0.7282980984435621,6,0.86,0.735,0.735,0.0,"GENE_3830,GENE_4376,GENE_3165,GENE_2310,GENE_1514,GENE_2319"
DRUG_0329,0.7267845844221152,6,0.9,0.7083333333333334,0.7083333333333334,0.0,"GENE_4576,GENE_4837,GENE_4188,GENE_1888,GENE_3269,GENE_3454"
DRUG_0051,0.7259339763644973,2,0.96,0.57,0.57,0.0,"GENE_1385,GENE_3003"
DRUG_0243,0.7256740082776579,2,0.94,0.525,0.525,0.0,"GENE_3632,GENE_3135"
DRUG_0104,0.7227381370025207,5,0.92,0.698,0.698,0.0,"GENE_4702,GENE_333,GENE_592,GENE_3286,GENE_976"
DRUG_0527,0.7219159064472813,9,0.9,0.7366666666666668,0.7366666666666668,0.0,"GENE_125,GENE_2459,GENE_1980,GENE_4107,GENE_3610,GENE_4596,GENE_1739,GENE_2053,GENE_328"
DRUG_0016,0.7207726388876862,5,0.87,0.692,0.692,0.0,"GENE_2588,GENE_3195,GENE_1151,GENE_1895,GENE_2200"
DRUG_0370,0.7201593167536494,10,0.92,0.6779999999999999,0.6779999999999999,0.0,"GENE_3651,GENE_4262,GENE_1119,GENE_3198,GENE_205,GENE_924,GENE_361,GENE_1270,GENE_4702,GENE_1640"
DRUG_0310,0.7173493773449628,4,0.92,0.65,0.65,0.0,"GENE_1813,GENE_976,GENE_79,GENE_504"
DRUG_0374,0.7171474050230706,10,0.97,0.702,0.702,0.0,"GENE_901,GENE_1550,GENE_3597,GENE_1117,GENE_3566,GENE_1317,GENE_4608,GENE_4196,GENE_2124,GENE_2545"
DRUG_0041,0.7108887062825622,3,0.9,0.6433333333333334,0.6433333333333334,0.0,"GENE_68,GENE_3959,GENE_3054"
DRUG_0940,0.7083211518832899,10,0.93,0.708,0.708,0.0,"GENE_1600,GENE_2173,GENE_437,GENE_476,GENE_3752,GENE_70,GENE_450,GENE_661,GENE_4093,GENE_1088"
DRUG_0216,0.7054044352258454,3,0.92,0.6433333333333334,0.6433333333333334,0.0,"GENE_607,GENE_2051,GENE_2733"
DRUG_0856,0.7051173204245986,3,0.89,0.6066666666666667,0.6066666666666667,0.0,"GENE_2172,GENE_3368,GENE_4772"
DRUG_0036,0.6998837785260986,5,0.92,0.6599999999999999,0.6599999999999999,0.0,"GENE_1249,GENE_243,GENE_2505,GENE_1388,GENE_444"
DRUG_0101,0.6988574526746959,6,0.95,0.6283333333333333,0.6283333333333333,0.0,"GENE_2266,GENE_3985,GENE_983,GENE_3288,GENE_1416,GENE_959"
DRUG_0752,0.6972069174993697,10,0.96,0.646,0.646,0.0,"GENE_2192,GENE_2443,GENE_1721,GENE_859,GENE_1931,GENE_2390,GENE_2666,GENE_4458,GENE_158,GENE_342"
DRUG_0072,0.6968157723563279,3,0.87,0.6166666666666666,0.6166666666666666,0.0,"GENE_2796,GENE_2498,GENE_1007"
DRUG_0030,0.6879027673917489,9,0.87,0.6677777777777778,0.6677777777777778,0.0,"GENE_1228,GENE_3760,GENE_644,GENE_3896,GENE_1276,GENE_4438,GENE_2585,GENE_4127,GENE_2090"
DRUG_0983,0.6873749313417877,3,0.88,0.5933333333333334,0.5933333333333334,0.0,"GENE_4758,GENE_4477,GENE_2728"
DRUG_0160,0.6866403526975496,5,0.93,0.696,0.696,0.0,"GENE_357,GENE_1420,GENE_2889,GENE_582,GENE_446"
DRUG_0958,0.6843587416835905,4,0.91,0.6425000000000001,0.6425000000000001,0.0,"GENE_2124,GENE_820,GENE_3980,GENE_2923"
DRUG_0281,0.6835856317173306,3,0.94,0.63,0.63,0.0,"GENE_390,GENE_1651,GENE_42"
DRUG_0621,0.6828540755154907,3,0.87,0.6033333333333334,0.6033333333333334,0.0,"GENE_2210,GENE_748,GENE_3683"
DRUG_0876,0.6824135905365675,3,0.88,0.5933333333333333,0.5933333333333333,0.0,"GENE_4890,GENE_4337,GENE_2643"
DRUG_0693,0.6821821801571462,8,0.87,0.6425000000000001,0.6425000000000001,0.0,"GENE_469,GENE_3613,GENE_1645,GENE_4206,GENE_575,GENE_4587,GENE_4657,GENE_1070"
DRUG_0905,0.6782195926085717,6,0.88,0.6,0.6,0.0,"GENE_3358,GENE_1345,GENE_4761,GENE_3966,GENE_4283,GENE_4902"
DRUG_0880,0.6780381684241708,10,0.9,0.6760000000000002,0.6760000000000002,0.0,"GENE_1315,GENE_3070,GENE_1976,GENE_860,GENE_2764,GENE_4347,GENE_1155,GENE_1514,GENE_2784,GENE_1369"
DRUG_0634,0.6747492029875777,10,0.91,0.631,0.631,0.0,"GENE_3321,GENE_451,GENE_4748,GENE_1812,GENE_3190,GENE_3920,GENE_4156,GENE_1533,GENE_163,GENE_2100"
DRUG_0312,0.6732095806681122,8,0.9,0.65875,0.65875,0.0,"GENE_889,GENE_2683,GENE_4286,GENE_1850,GENE_4285,GENE_3044,GENE_125,GENE_1758"
DRUG_0334,0.6716495611437081,4,0.88,0.6549999999999999,0.6549999999999999,0.0,"GENE_2087,GENE_2085,GENE_1233,GENE_1449"
DRUG_0669,0.67159451926942,3,0.88,0.6066666666666667,0.6066666666666667,0.0,"GENE_3981,GENE_4653,GENE_245"
DRUG_0223,0.6704923288369306,7,0.92,0.7085714285714285,0.7085714285714285,0.0,"GENE_1368,GENE_4866,GENE_3159,GENE_988,GENE_2974,GENE_853,GENE_3484"
DRUG_0344,0.6701351203233885,4,0.84,0.655,0.655,0.0,"GENE_3282,GENE_3171,GENE_4266,GENE_2010"
DRUG_0080,0.6688512876782288,6,0.88,0.6133333333333334,0.6133333333333334,0.0,"GENE_4118,GENE_1209,GENE_645,GENE_4386,GENE_1865,GENE_3258"
DRUG_0866,0.6684182405994062,4,0.94,0.6699999999999999,0.6699999999999999,0.0,"GENE_2142,GENE_572,GENE_388,GENE_979"
DRUG_0015,0.6655723046012674,4,0.97,0.6875,0.6875,0.0,"GENE_4773,GENE_3556,GENE_80,GENE_375"
DRUG_0984,0.6652212457033061,8,0.91,0.64625,0.64625,0.0,"GENE_4156,GENE_957,GENE_4677,GENE_1923,GENE_2665,GENE_4314,GENE_4816,GENE_3168"
DRUG_0754,0.6649865801873116,5,0.91,0.692,0.692,0.0,"GENE_2284,GENE_4419,GENE_2175,GENE_1971,GENE_3335"
DRUG_0717,0.6622060003550425,5,0.89,0.67,0.67,0.0,"GENE_1386,GENE_2897,GENE_1037,GENE_2397,GENE_1444"
DRUG_0205,0.6608865118241379,3,0.87,0.58,0.58,0.0,"GENE_499,GENE_3412,GENE_4947"
DRUG_0574,0.657837168458988,4,0.93,0.675,0.675,0.0,"GENE_486,GENE_4341,GENE_316,GENE_4887"
DRUG_0670,0.6572377182814396,4,0.9,0.66,0.66,0.0,"GENE_202,GENE_2918,GENE_1343,GENE_2705"
DRUG_0891,0.6572295269820784,3,0.9,0.61,0.61,0.0,"GENE_1357,GENE_2918,GENE_3494"
DRUG_0925,0.656588519031653,4,0.87,0.645,0.645,0.0,"GENE_1569,GENE_3829,GENE_4232,GENE_647"
DRUG_0152,0.6561895884518486,7,0.91,0.6128571428571429,0.6128571428571429,0.0,"GENE_4815,GENE_2307,GENE_4754,GENE_730,GENE_4697,GENE_616,GENE_1537"
DRUG_0848,0.6558508462697767,4,0.82,0.605,0.605,0.0,"GENE_1150,GENE_2586,GENE_2285,GENE_4356"
DRUG_0196,0.6530919460837892,2,0.91,0.52,0.52,0.0,"GENE_3236,GENE_1729"
DRUG_0600,0.6509561014228155,9,0.9,0.6833333333333333,0.6833333333333333,0.0,"GENE_4301,GENE_4878,GENE_4188,GENE_1976,GENE_1424,GENE_3661,GENE_3211,GENE_1849,GENE_1090"
DRUG_0797,0.6410436609039967,3,0.94,0.6366666666666666,0.6366666666666666,0.0,"GENE_4494,GENE_1395,GENE_2309"
DRUG_0644,0.6373232274270673,4,0.95,0.6625000000000001,0.6625000000000001,0.0,"GENE_4355,GENE_3446,GENE_3759,GENE_1761"
DRUG_0892,0.6317763035918607,6,0.84,0.5983333333333333,0.5983333333333333,0.0,"GENE_2596,GENE_2862,GENE_3393,GENE_4676,GENE_3979,GENE_3468"
DRUG_0253,0.6309983848976628,7,0.82,0.6085714285714285,0.6085714285714285,0.0,"GENE_564,GENE_958,GENE_3940,GENE_3635,GENE_677,GENE_2625,GENE_3015"
DRUG_0792,0.6270106015774368,3,0.88,0.6,0.6,0.0,"GENE_1699,GENE_4473,GENE_3904"
DRUG_0580,0.6266717095594188,10,0.93,0.644,0.644,0.0,"GENE_3416,GENE_1380,GENE_4872,GENE_561,GENE_3707,GENE_1693,GENE_2643,GENE_91,GENE_2491,GENE_3088"
DRUG_0468,0.6262511731401605,5,0.9,0.5439999999999999,0.5439999999999999,0.0,"GENE_567,GENE_1074,GENE_309,GENE_718,GENE_1693"
DRUG_0745,0.6260060061031458,5,0.86,0.542,0.542,0.0,"GENE_3041,GENE_2964,GENE_3358,GENE_1851,GENE_300"
DRUG_0951,0.625495311584073,10,0.9,0.6500000000000001,0.6500000000000001,0.0,"GENE_4968,GENE_1183,GENE_1301,GENE_3558,GENE_3210,GENE_2775,GENE_1638,GENE_3077,GENE_1597,GENE_2468"
DRUG_0102,0.624579586182474,6,0.91,0.5683333333333334,0.5683333333333334,0.0,"GENE_3892,GENE_2409,GENE_820,GENE_1497,GENE_3034,GENE_3885"
DRUG_0761,0.6244423599847422,7,0.91,0.6414285714285715,0.6414285714285715,0.0,"GENE_1578,GENE_71,GENE_4567,GENE_1392,GENE_2271,GENE_894,GENE_1114"
DRUG_0852,0.624221041432275,8,0.91,0.555,0.555,0.0,"GENE_3778,GENE_2398,GENE_2772,GENE_1861,GENE_1177,GENE_3209,GENE_3643,GENE_4101"
DRUG_0563,0.6241519783012389,2,0.92,0.5,0.5,0.0,"GENE_2032,GENE_2278"
DRUG_0501,0.6210412935636974,6,0.92,0.6316666666666667,0.6316666666666667,0.0,"GENE_1491,GENE_1840,GENE_4606,GENE_4652,GENE_2501,GENE_2723"
DRUG_0963,0.6194011248362223,8,0.91,0.64625,0.64625,0.0,"GENE_3748,GENE_2930,GENE_1350,GENE_1244,GENE_480,GENE_30,GENE_4588,GENE_1469"
DRUG_0860,0.6182622779237494,8,0.88,0.54375,0.54375,0.0,"GENE_4136,GENE_1497,GENE_601,GENE_1200,GENE_2823,GENE_3326,GENE_3282,GENE_2074"
DRUG_0877,0.6163947559076102,8,0.85,0.62625,0.62625,0.0,"GENE_3787,GENE_3849,GENE_2958,GENE_4147,GENE_1296,GENE_2838,GENE_266,GENE_3413"
DRUG_0883,0.6144227877666858,3,0.85,0.5966666666666666,0.5966666666666666,0.0,"GENE_603,GENE_1485,GENE_4793"
DRUG_0086,0.6132013452374702,3,0.88,0.6066666666666666,0.6066666666666666,0.0,"GENE_4211,GENE_3602,GENE_4126"
DRUG_0587,0.6107503621042435,6,0.9,0.6133333333333334,0.6133333333333334,0.0,"GENE_4130,GENE_2020,GENE_2881,GENE_4336,GENE_12,GENE_1471"
DRUG_0559,0.6099844927478046,2,0.88,0.535,0.535,0.0,"GENE_3257,GENE_2811"
DRUG_0291,0.6087223130638358,2,0.81,0.43000000000000005,0.43000000000000005,0.0,"GENE_2890,GENE_967"
DRUG_0986,0.6081908429340013,10,0.92,0.611,0.611,0.0,"GENE_2895,GENE_2661,GENE_144,GENE_3304,GENE_839,GENE_1019,GENE_2325,GENE_3695,GENE_1279,GENE_333"
DRUG_0786,0.6078044533507384,9,0.88,0.5233333333333334,0.5233333333333334,0.0,"GENE_660,GENE_3717,GENE_1435,GENE_4961,GENE_384,GENE_4958,GENE_4763,GENE_2439,GENE_1530"
DRUG_0521,0.6071158739198284,6,0.94,0.6216666666666667,0.6216666666666667,0.0,"GENE_3992,GENE_120,GENE_4449,GENE_1297,GENE_1065,GENE_1650"
DRUG_0886,0.6054428753480916,5,0.89,0.55,0.55,0.0,"GENE_984,GENE_4679,GENE_2720,GENE_827,GENE_338"
DRUG_0850,0.604324143075401,3,0.84,0.6033333333333334,0.6033333333333334,0.0,"GENE_651,GENE_1127,GENE_2707"
DRUG_0581,0.6036184846369992,7,0.9,0.6214285714285716,0.6214285714285716,0.0,"GENE_3666,GENE_504,GENE_4800,GENE_2200,GENE_1203,GENE_3331,GENE_4152"
DRUG_0221,0.6029420006242703,7,0.86,0.6114285714285714,0.6114285714285714,0.0,"GENE_2407,GENE_433,GENE_907,GENE_3935,GENE_4387,GENE_2245,GENE_2334"
DRUG_0045,0.6016280833866582,7,0.9,0.5242857142857142,0.5242857142857142,0.0,"GENE_2396,GENE_2934,GENE_2782,GENE_2432,GENE_717,GENE_835,GENE_3940"
DRUG_0052,0.5987487617982676,5,0.9,0.542,0.542,0.0,"GENE_3370,GENE_4213,GENE_8,GENE_4904,GENE_1139"
DRUG_0893,0.5985657025416511,2,0.86,0.46499999999999997,0.46499999999999997,0.0,"GENE_1074,GENE_907"
DRUG_0323,0.5980926748896555,4,0.85,0.48250000000000004,0.48250000000000004,0.0,"GENE_4771,GENE_2684,GENE_1672,GENE_2893"
DRUG_0069,0.5979418498967296,8,0.92,0.57625,0.57625,0.0,"GENE_2865,GENE_3598,GENE_2552,GENE_2016,GENE_2560,GENE_2630,GENE_503,GENE_4496"
DRUG_0737,0.5971278726907947,4,0.87,0.695,0.695,0.0,"GENE_344,GENE_3157,GENE_4310,GENE_714"
DRUG_0660,0.5945569933697655,4,0.91,0.6575,0.6575,0.0,"GENE_3548,GENE_2338,GENE_3328,GENE_3151"
DRUG_0538,0.5936766752311214,3,0.93,0.6266666666666666,0.6266666666666666,0.0,"GENE_1701,GENE_3574,GENE_532"
DRUG_0476,0.5925359403323698,5,0.87,0.658,0.658,0.0,"GENE_1800,GENE_3110,GENE_4103,GENE_4709,GENE_361"
DRUG_0826,0.5914089138521916,4,0.9,0.4575,0.4575,0.0,"GENE_1109,GENE_3517,GENE_1499,GENE_1486"
DRUG_0898,0.591305607335948,7,0.94,0.6242857142857143,0.6242857142857143,0.0,"GENE_2857,GENE_885,GENE_3295,GENE_3353,GENE_4920,GENE_3931,GENE_4098"
DRUG_0956,0.5867835769643862,2,0.86,0.54,0.54,0.0,"GENE_1989,GENE_3637"
DRUG_0097,0.58486763702988,5,0.86,0.5399999999999999,0.5399999999999999,0.0,"GENE_2971,GENE_424,GENE_2964,GENE_2540,GENE_1579"
DRUG_0003,0.5832437566093924,8,0.93,0.5774999999999999,0.5774999999999999,0.0,"GENE_851,GENE_1309,GENE_4897,GENE_1961,GENE_2965,GENE_2983,GENE_899,GENE_484"
DRUG_0639,0.5824326437021969,6,0.92,0.5166666666666667,0.5166666666666667,0.0,"GENE_1335,GENE_426,GENE_4962,GENE_3405,GENE_4181,GENE_3660"
DRUG_0562,0.579646924531714,5,0.94,0.544,0.544,0.0,"GENE_4546,GENE_4717,GENE_2491,GENE_2971,GENE_3784"
DRUG_0622,0.579632653054665,2,0.89,0.5,0.5,0.0,"GENE_4575,GENE_1674"
DRUG_0979,0.5784745563736715,3,0.93,0.4166666666666667,0.4166666666666667,0.0,"GENE_3265,GENE_3546,GENE_642"
DRUG_0584,0.578133882752354,5,0.86,0.5359999999999999,0.5359999999999999,0.0,"GENE_2376,GENE_4376,GENE_3862,GENE_2441,GENE_2834"
DRUG_0915,0.5774316432680447,5,0.9,0.5760000000000001,0.5760000000000001,0.0,"GENE_4160,GENE_4787,GENE_4990,GENE_2881,GENE_1187"
DRUG_0445,0.5772712601061301,5,0.88,0.5159999999999999,0.5159999999999999,0.0,"GENE_4029,GENE_4204,GENE_2413,GENE_1222,GENE_128"
DRUG_0429,0.5770053288582564,7,0.9,0.5414285714285715,0.5414285714285715,0.0,"GENE_4437,GENE_3672,GENE_3786,GENE_3557,GENE_2195,GENE_1409,GENE_3661"
DRUG_0890,0.57692151081505,3,0.84,0.55,0.55,0.0,"GENE_4089,GENE_876,GENE_3307"
DRUG_0800,0.5767797592109644,2,0.84,0.515,0.515,0.0,"GENE_4743,GENE_1912"
DRUG_0623,0.5766678488893882,2,0.84,0.45999999999999996,0.45999999999999996,0.0,"GENE_3670,GENE_2195"
DRUG_0932,0.5752022849881553,6,0.88,0.6,0.6,0.0,"GENE_4999,GENE_4151,GENE_1492,GENE_4902,GENE_2048,GENE_1276"
DRUG_0324,0.574496971199353,2,0.82,0.46499999999999997,0.46499999999999997,0.0,"GENE_3096,GENE_3406"
DRUG_0340,0.5731068628388727,4,0.87,0.5075,0.5075,0.0,"GENE_1234,GENE_3399,GENE_3738,GENE_3801"
DRUG_0961,0.5725525898311926,5,0.84,0.542,0.542,0.0,"GENE_1948,GENE_825,GENE_71,GENE_2919,GENE_400"
DRUG_0843,0.5724484118259524,4,0.9,0.6575,0.6575,0.0,"GENE_943,GENE_4933,GENE_2619,GENE_2613"
DRUG_0676,0.5715440196991828,10,0.96,0.51,0.51,0.0,"GENE_2070,GENE_32,GENE_1226,GENE_203,GENE_3543,GENE_878,GENE_2105,GENE_2800,GENE_2540,GENE_3900"
DRUG_0741,0.5714366983889912,6,0.89,0.49833333333333335,0.49833333333333335,0.0,"GENE_2200,GENE_3800,GENE_1554,GENE_891,GENE_3824,GENE_3199"
DRUG_0053,0.5696455291368068,8,0.92,0.5775,0.5775,0.0,"GENE_3787,GENE_734,GENE_204,GENE_42,GENE_178,GENE_710,GENE_3091,GENE_956"
DRUG_0407,0.5695559989517602,3,0.82,0.5566666666666666,0.5566666666666666,0.0,"GENE_4923,GENE_4618,GENE_4243"
DRUG_0033,0.5687725097410619,8,0.82,0.61375,0.61375,0.0,"GENE_2162,GENE_3558,GENE_535,GENE_3651,GENE_2693,GENE_2624,GENE_1798,GENE_4309"
DRUG_0758,0.5686943166410637,9,0.95,0.5,0.5,0.0,"GENE_1623,GENE_622,GENE_4416,GENE_2557,GENE_2792,GENE_944,GENE_1264,GENE_661,GENE_2056"
DRUG_0650,0.5675019643358461,8,0.91,0.5425,0.5425,0.0,"GENE_3484,GENE_1289,GENE_4314,GENE_1804,GENE_3897,GENE_4630,GENE_1051,GENE_652"
DRUG_0250,0.5621136549067888,7,0.9,0.6242857142857143,0.6242857142857143,0.0,"GENE_2896,GENE_587,GENE_1247,GENE_2812,GENE_4697,GENE_1288,GENE_70"
DRUG_0571,0.5609409482484977,9,0.88,0.5844444444444445,0.5844444444444445,0.0,"GENE_2244,GENE_3264,GENE_4838,GENE_1080,GENE_3613,GENE_311,GENE_4107,GENE_474,GENE_2161"
DRUG_0931,0.5608741074775996,7,0.86,0.5428571428571428,0.5428571428571428,0.0,"GENE_1019,GENE_2668,GENE_1714,GENE_4924,GENE_2528,GENE_1151,GENE_3923"
DRUG_0820,0.5606137052267192,10,0.88,0.5409999999999999,0.5409999999999999,0.0,"GENE_4204,GENE_849,GENE_2868,GENE_2723,GENE_3916,GENE_3883,GENE_2182,GENE_551,GENE_66,GENE_4373"
DRUG_0113,0.5598846429631389,5,0.92,0.426,0.426,0.0,"GENE_563,GENE_4510,GENE_886,GENE_4506,GENE_2319"
DRUG_0701,0.5585542549457395,3,0.91,0.64,0.64,0.0,"GENE_4197,GENE_960,GENE_4593"
DRUG_0921,0.5572942047096779,10,0.8,0.5760000000000001,0.5760000000000001,0.0,"GENE_3291,GENE_1694,GENE_2129,GENE_3203,GENE_2004,GENE_3209,GENE_2428,GENE_2310,GENE_2177,GENE_1988"
DRUG_0066,0.5570277550333164,5,0.87,0.564,0.564,0.0,"GENE_3706,GENE_2254,GENE_686,GENE_1638,GENE_1276"
DRUG_0339,0.5564782534764955,6,0.88,0.5866666666666666,0.5866666666666666,0.0,"GENE_3925,GENE_1712,GENE_907,GENE_2262,GENE_3206,GENE_4488"
DRUG_0691,0.5557830542735402,2,0.9,0.505,0.505,0.0,"GENE_1728,GENE_1427"
DRUG_0087,0.5549025796978252,7,0.9,0.5285714285714286,0.5285714285714286,0.0,"GENE_4028,GENE_1418,GENE_1633,GENE_2298,GENE_1369,GENE_3389,GENE_1542"
DRUG_0121,0.5548348345931914,2,0.8,0.41500000000000004,0.41500000000000004,0.0,"GENE_4596,GENE_422"
DRUG_0207,0.5502889192998259,4,0.92,0.49000000000000005,0.49000000000000005,0.0,"GENE_2903,GENE_2530,GENE_3913,GENE_520"
DRUG_0282,0.5501176292780733,8,0.9,0.565,0.565,0.0,"GENE_4627,GENE_2034,GENE_4992,GENE_1318,GENE_2304,GENE_205,GENE_1526,GENE_2191"
DRUG_0435,0.5500481045445547,2,0.86,0.495,0.495,0.0,"GENE_2342,GENE_1845"
DRUG_0777,0.549161642782866,9,0.92,0.5211111111111112,0.5211111111111112,0.0,"GENE_3486,GENE_250,GENE_4028,GENE_1324,GENE_2664,GENE_509,GENE_526,GENE_2616,GENE_2215"
DRUG_0971,0.5491459610148702,6,0.9,0.4883333333333333,0.4883333333333333,0.0,"GENE_4698,GENE_3309,GENE_4380,GENE_2027,GENE_2703,GENE_4640"
DRUG_0333,0.5467675590014213,6,0.85,0.585,0.585,0.0,"GENE_2450,GENE_1129,GENE_2385,GENE_4595,GENE_105,GENE_1105"
DRUG_0189,0.5456439393429735,4,0.9,0.47750000000000004,0.47750000000000004,0.0,"GENE_530,GENE_2597,GENE_599,GENE_3556"
DRUG_0516,0.544840547431999,7,0.88,0.4914285714285715,0.4914285714285715,0.0,"GENE_1342,GENE_389,GENE_3972,GENE_3204,GENE_4685,GENE_4408,GENE_1230"
DRUG_0428,0.5445921125542746,9,0.92,0.51,0.51,0.0,"GENE_1544,GENE_3454,GENE_909,GENE_4866,GENE_3991,GENE_46,GENE_1161,GENE_4209,GENE_176"
DRUG_0093,0.5442422611561194,6,0.88,0.5583333333333333,0.5583333333333333,0.0,"GENE_4680,GENE_4657,GENE_4005,GENE_2510,GENE_2492,GENE_3520"
DRUG_0649,0.5430913437166441,3,0.84,0.5766666666666667,0.5766666666666667,0.0,"GENE_4841,GENE_52,GENE_3548"
DRUG_0063,0.5429999668231378,8,0.89,0.485,0.485,0.0,"GENE_4878,GENE_2785,GENE_1276,GENE_998,GENE_2899,GENE_777,GENE_140,GENE_2611"
DRUG_0767,0.5424566966492601,9,0.9,0.5111111111111111,0.5111111111111111,0.0,"GENE_1591,GENE_4725,GENE_1761,GENE_960,GENE_269,GENE_3834,GENE_4749,GENE_165,GENE_1352"
DRUG_0776,0.5420135003753269,6,0.92,0.5833333333333334,0.5833333333333334,0.0,"GENE_4426,GENE_4397,GENE_3255,GENE_2085,GENE_4725,GENE_4599"
DRUG_0959,0.5402370962722098,4,0.93,0.48250000000000004,0.48250000000000004,0.0,"GENE_3583,GENE_4389,GENE_4461,GENE_3732"
DRUG_0199,0.5397332170258233,8,0.9,0.4975,0.4975,0.0,"GENE_3623,GENE_859,GENE_4707,GENE_4636,GENE_269,GENE_3455,GENE_229,GENE_4762"
DRUG_0466,0.5396457703977767,6,0.86,0.5750000000000001,0.5750000000000001,0.0,"GENE_2920,GENE_408,GENE_1889,GENE_1808,GENE_3256,GENE_401"
DRUG_0024,0.5393924603342266,7,0.93,0.5557142857142857,0.5557142857142857,0.0,"GENE_1893,GENE_4001,GENE_4095,GENE_1176,GENE_1414,GENE_3361,GENE_1485"
DRUG_0707,0.5391667795621159,5,0.88,0.558,0.558,0.0,"GENE_1968,GENE_4748,GENE_305,GENE_686,GENE_4260"
DRUG_0734,0.539039973892294,4,0.92,0.48250000000000004,0.48250000000000004,0.0,"GENE_4460,GENE_342,GENE_2469,GENE_3855"
DRUG_0209,0.5378807994571189,2,0.81,0.445,0.445,0.0,"GENE_2050,GENE_411"
DRUG_0385,0.5377128542535701,3,0.87,0.6066666666666666,0.6066666666666666,0.0,"GENE_797,GENE_3595,GENE_4013"
DRUG_0712,0.5340972474480117,4,0.79,0.4825,0.4825,0.0,"GENE_4555,GENE_2614,GENE_4798,GENE_2766"
DRUG_0300,0.5333804904597477,6,0.9,0.48666666666666664,0.48666666666666664,0.0,"GENE_3425,GENE_113,GENE_3317,GENE_2271,GENE_2034,GENE_591"
DRUG_0765,0.5331491180529246,5,0.92,0.55,0.55,0.0,"GENE_2932,GENE_1778,GENE_573,GENE_1249,GENE_3935"
DRUG_0254,0.5330209703282498,7,0.93,0.5128571428571428,0.5128571428571428,0.0,"GENE_2705,GENE_2339,GENE_1217,GENE_1880,GENE_2014,GENE_3900,GENE_1420"
DRUG_0704,0.5326774175550312,6,0.96,0.5066666666666667,0.5066666666666667,0.0,"GENE_4311,GENE_4494,GENE_3995,GENE_3538,GENE_977,GENE_3348"
DRUG_0457,0.5317689837116424,3,0.85,0.5433333333333333,0.5433333333333333,0.0,"GENE_1333,GENE_1143,GENE_3729"
DRUG_0047,0.5313102641825388,5,0.83,0.402,0.402,0.0,"GENE_3133,GENE_1223,GENE_1084,GENE_2083,GENE_2656"
DRUG_0217,0.5310008646391575,6,0.91,0.45166666666666666,0.45166666666666666,0.0,"GENE_3751,GENE_4429,GENE_4384,GENE_3711,GENE_4200,GENE_4767"
DRUG_0162,0.5304114610783025,8,0.89,0.49875,0.49875,0.0,"GENE_3850,GENE_2775,GENE_4772,GENE_425,GENE_1134,GENE_2015,GENE_1747,GENE_4863"
DRUG_0056,0.5302678381395011,9,0.91,0.5111111111111112,0.5111111111111112,0.0,"GENE_1664,GENE_105,GENE_2333,GENE_1250,GENE_3489,GENE_2282,GENE_4393,GENE_4248,GENE_9"
DRUG_0032,0.5301611453281094,4,0.87,0.4575,0.4575,0.0,"GENE_1099,GENE_4118,GENE_2781,GENE_3015"
DRUG_0608,0.5288623376904292,6,0.85,0.47833333333333333,0.47833333333333333,0.0,"GENE_312,GENE_3704,GENE_4096,GENE_2500,GENE_2206,GENE_3471"
DRUG_0263,0.528294176089536,3,0.92,0.6133333333333334,0.6133333333333334,0.0,"GENE_4165,GENE_1279,GENE_3895"
DRUG_0487,0.5280546970038064,6,0.83,0.46166666666666667,0.46166666666666667,0.0,"GENE_3332,GENE_3615,GENE_2694,GENE_1011,GENE_3983,GENE_1219"
DRUG_0763,0.527954926483185,8,0.89,0.56,0.56,0.0,"GENE_1300,GENE_4173,GENE_1634,GENE_4853,GENE_1324,GENE_19,GENE_1707,GENE_1912"
DRUG_0727,0.5272992266521525,4,0.89,0.4825,0.4825,0.0,"GENE_3079,GENE_220,GENE_2212,GENE_325"
DRUG_0302,0.5272191289864128,4,0.91,0.49500000000000005,0.49500000000000005,0.0,"GENE_1643,GENE_3421,GENE_4421,GENE_1581"
DRUG_0868,0.5262668036176843,9,0.87,0.51,0.51,0.0,"GENE_2988,GENE_4495,GENE_242,GENE_2645,GENE_3013,GENE_1633,GENE_2468,GENE_4844,GENE_2562"
DRUG_0401,0.5261785475137243,10,0.88,0.475,0.475,0.0,"GENE_1693,GENE_3391,GENE_1052,GENE_1922,GENE_801,GENE_4127,GENE_1473,GENE_2010,GENE_107,GENE_100"
DRUG_0472,0.5248568817211526,8,0.91,0.5575,0.5575,0.0,"GENE_2705,GENE_2341,GENE_3214,GENE_3414,GENE_3357,GENE_1981,GENE_4088,GENE_1959"
DRUG_0688,0.5239707448230939,9,0.93,0.5166666666666666,0.5166666666666666,0.0,"GENE_1242,GENE_2245,GENE_4175,GENE_2978,GENE_1921,GENE_482,GENE_3352,GENE_1976,GENE_4935"
DRUG_0846,0.5238618789929332,8,0.92,0.57375,0.57375,0.0,"GENE_4957,GENE_3501,GENE_77,GENE_2701,GENE_1329,GENE_1348,GENE_3436,GENE_121"
DRUG_0766,0.5231300166792534,2,0.77,0.455,0.455,0.0,"GENE_59,GENE_2118"
DRUG_0607,0.521880987916407,9,0.93,0.5066666666666666,0.5066666666666666,0.0,"GENE_654,GENE_1232,GENE_2173,GENE_2303,GENE_3921,GENE_811,GENE_3016,GENE_2793,GENE_1210"
DRUG_0703,0.5218415621959468,2,0.85,0.505,0.505,0.0,"GENE_3524,GENE_3177"
DRUG_0341,0.5216910131507119,6,0.81,0.43500000000000005,0.43500000000000005,0.0,"GENE_3441,GENE_159,GENE_1469,GENE_2894,GENE_3290,GENE_969"
DRUG_0150,0.5216623832192543,3,0.89,0.6,0.6,0.0,"GENE_2177,GENE_2198,GENE_2716"
DRUG_0964,0.5216478287154932,4,0.82,0.4575,0.4575,0.0,"GENE_4456,GENE_1058,GENE_1714,GENE_3055"
DRUG_0789,0.5209055400691472,6,0.88,0.48500000000000004,0.48500000000000004,0.0,"GENE_1742,GENE_2910,GENE_740,GENE_2142,GENE_3856,GENE_1139"
DRUG_0408,0.5204700135654046,7,0.87,0.5342857142857144,0.5342857142857144,0.0,"GENE_4168,GENE_2602,GENE_586,GENE_2315,GENE_4956,GENE_1426,GENE_3076"
DRUG_0990,0.5196318809520311,3,0.8,0.5733333333333334,0.5733333333333334,0.0,"GENE_4607,GENE_1251,GENE_2137"
DRUG_0473,0.517433230253802,3,0.92,0.3666666666666667,0.3666666666666667,0.0,"GENE_4815,GENE_3624,GENE_349"
DRUG_0328,0.5155411181685868,9,0.88,0.5100000000000001,0.5100000000000001,0.0,"GENE_842,GENE_4937,GENE_599,GENE_3518,GENE_494,GENE_2946,GENE_4519,GENE_1775,GENE_3215"
DRUG_0440,0.514243008615894,5,0.9,0.576,0.576,0.0,"GENE_3288,GENE_2462,GENE_3959,GENE_3133,GENE_1512"
DRUG_0628,0.5139315445057749,2,0.82,0.45499999999999996,0.45499999999999996,0.0,"GENE_1240,GENE_2234"
DRUG_0711,0.5136638241686328,9,0.9,0.44777777777777783,0.44777777777777783,0.0,"GENE_2991,GENE_4512,GENE_4505,GENE_4347,GENE_570,GENE_316,GENE_2416,GENE_3527,GENE_1016"
DRUG_0844,0.5122643487115527,6,0.92,0.49666666666666665,0.49666666666666665,0.0,"GENE_4302,GENE_520,GENE_2750,GENE_2574,GENE_4478,GENE_2725"
DRUG_0055,0.5121028927212097,4,0.86,0.4775,0.4775,0.0,"GENE_1974,GENE_4340,GENE_3339,GENE_730"
DRUG_0241,0.5119515862802992,10,0.92,0.5559999999999999,0.5559999999999999,0.0,"GENE_1001,GENE_4413,GENE_2647,GENE_3589,GENE_592,GENE_989,GENE_2125,GENE_4111,GENE_3991,GENE_4325"
DRUG_0081,0.5107391097696051,10,0.92,0.488,0.488,0.0,"GENE_4545,GENE_31,GENE_2114,GENE_4722,GENE_427,GENE_1179,GENE_4597,GENE_606,GENE_1472,GENE_1417"
DRUG_0548,0.5103052904695606,10,0.86,0.489,0.489,0.0,"GENE_2428,GENE_1662,GENE_1947,GENE_2790,GENE_2446,GENE_734,GENE_1185,GENE_4988,GENE_3069,GENE_3467"
DRUG_0028,0.5096869324782126,5,0.87,0.534,0.534,0.0,"GENE_1276,GENE_758,GENE_4971,GENE_723,GENE_4045"
DRUG_0325,0.5079047168604003,3,0.87,0.5833333333333334,0.5833333333333334,0.0,"GENE_1717,GENE_475,GENE_2254"
DRUG_0348,0.5075203596291619,6,0.85,0.5483333333333332,0.5483333333333332,0.0,"GENE_2578,GENE_3234,GENE_4690,GENE_1438,GENE_4470,GENE_510"
DRUG_0847,0.5070296404402362,9,0.88,0.5033333333333333,0.5033333333333333,0.0,"GENE_3764,GENE_3385,GENE_608,GENE_1128,GENE_3027,GENE_2160,GENE_3965,GENE_3693,GENE_2936"
DRUG_0257,0.5066894026271221,7,0.86,0.4114285714285715,0.4114285714285715,0.0,"GENE_2492,GENE_2376,GENE_2934,GENE_841,GENE_3807,GENE_4439,GENE_1991"
DRUG_0349,0.5062085719502141,2,0.89,0.515,0.515,0.0,"GENE_2345,GENE_4174"
DRUG_0430,0.5060002707167959,9,0.91,0.5166666666666667,0.5166666666666667,0.0,"GENE_4276,GENE_2772,GENE_1053,GENE_1320,GENE_2415,GENE_3367,GENE_4963,GENE_3830,GENE_4155"
DRUG_0410,0.5057074709081918,4,0.88,0.47000000000000003,0.47000000000000003,0.0,"GENE_2549,GENE_1963,GENE_3756,GENE_4096"
DRUG_0493,0.5045919538921022,4,0.86,0.51,0.51,0.0,"GENE_1654,GENE_3801,GENE_3475,GENE_3741"
DRUG_0871,0.5045353584333179,7,0.92,0.5485714285714286,0.5485714285714286,0.0,"GENE_4361,GENE_622,GENE_640,GENE_976,GENE_4939,GENE_3124,GENE_3837"
DRUG_0382,0.5042103046819184,8,0.85,0.55,0.55,0.0,"GENE_3261,GENE_4215,GENE_2941,GENE_2155,GENE_2942,GENE_1717,GENE_1497,GENE_2041"
DRUG_0610,0.5037893534484694,4,0.81,0.4625,0.4625,0.0,"GENE_380,GENE_1238,GENE_1454,GENE_639"
DRUG_0873,0.5034456866669756,5,0.94,0.44799999999999995,0.44799999999999995,0.0,"GENE_306,GENE_2053,GENE_2732,GENE_3784,GENE_3049"
DRUG_0945,0.5029711739904121,8,0.9,0.48375,0.48375,0.0,"GENE_4248,GENE_673,GENE_151,GENE_1666,GENE_920,GENE_1170,GENE_4137,GENE_3810"
DRUG_0887,0.502892217108019,8,0.94,0.47625,0.47625,0.0,"GENE_1047,GENE_514,GENE_4535,GENE_4692,GENE_3022,GENE_1700,GENE_4829,GENE_358"
DRUG_0180,0.5028776133950276,6,0.92,0.4716666666666667,0.4716666666666667,0.0,"GENE_2600,GENE_1095,GENE_4518,GENE_678,GENE_417,GENE_4825"
DRUG_0044,0.5027261881103908,4,0.81,0.48,0.48,0.0,"GENE_2794,GENE_2925,GENE_3246,GENE_2213"
DRUG_0573,0.5024506912840385,7,0.85,0.5,0.5,0.0,"GENE_3791,GENE_4463,GENE_3917,GENE_4828,GENE_2839,GENE_4162,GENE_3291"
DRUG_0692,0.500783790918362,4,0.9,0.48250000000000004,0.48250000000000004,0.0,"GENE_1296,GENE_4547,GENE_3604,GENE_1598"
DRUG_0301,0.5005334069042353,4,0.79,0.46499999999999997,0.46499999999999997,0.0,"GENE_2458,GENE_2017,GENE_1219,GENE_727"
DRUG_0655,0.49902216467724286,8,0.88,0.45125000000000004,0.45125000000000004,0.0,"GENE_1117,GENE_1799,GENE_3481,GENE_3837,GENE_1014,GENE_1267,GENE_2379,GENE_2268"
DRUG_0170,0.49853068619313545,8,0.88,0.47000000000000003,0.47000000000000003,0.0,"GENE_1563,GENE_3173,GENE_1692,GENE_2364,GENE_2570,GENE_572,GENE_4183,GENE_2668"
DRUG_0175,0.4984953378676885,2,0.88,0.52,0.52,0.0,"GENE_870,GENE_3033"
DRUG_0268,0.49767833835201675,9,0.88,0.5755555555555555,0.5755555555555555,0.0,"GENE_1410,GENE_1180,GENE_3497,GENE_4653,GENE_2370,GENE_3242,GENE_3584,GENE_2081,GENE_1365"
DRUG_0485,0.4967427648294036,7,0.92,0.5399999999999999,0.5399999999999999,0.0,"GENE_3488,GENE_487,GENE_875,GENE_4370,GENE_2729,GENE_2793,GENE_109"
DRUG_0549,0.496405890460451,6,0.89,0.48833333333333334,0.48833333333333334,0.0,"GENE_2405,GENE_2425,GENE_3747,GENE_754,GENE_2138,GENE_4561"
DRUG_0403,0.49506036958744604,7,0.8,0.4942857142857142,0.4942857142857142,0.0,"GENE_243,GENE_33,GENE_1673,GENE_4660,GENE_3052,GENE_1340,GENE_2245"
DRUG_0317,0.4947082862060661,9,0.92,0.5388888888888889,0.5388888888888889,0.0,"GENE_3595,GENE_4347,GENE_4048,GENE_1884,GENE_1664,GENE_2263,GENE_1737,GENE_976,GENE_4946"
DRUG_0658,0.4940711593543514,5,0.9,0.542,0.542,0.0,"GENE_4052,GENE_1173,GENE_4803,GENE_463,GENE_3028"
DRUG_0120,0.4922827284800858,8,0.92,0.48375,0.48375,0.0,"GENE_1985,GENE_4924,GENE_3895,GENE_3754,GENE_2075,GENE_1354,GENE_3206,GENE_489"
DRUG_0309,0.4920300268434737,9,0.9,0.4444444444444444,0.4444444444444444,0.0,"GENE_3199,GENE_4325,GENE_512,GENE_1211,GENE_1963,GENE_154,GENE_1341,GENE_3523,GENE_3918"
DRUG_0556,0.49073699516503605,4,0.89,0.51,0.51,0.0,"GENE_2736,GENE_1960,GENE_322,GENE_2593"
DRUG_0125,0.49051448350616944,9,0.93,0.5377777777777778,0.5377777777777778,0.0,"GENE_608,GENE_1164,GENE_2210,GENE_2759,GENE_4462,GENE_436,GENE_3688,GENE_1088,GENE_3665"
DRUG_0731,0.4888716931507249,4,0.93,0.5375,0.5375,0.0,"GENE_1618,GENE_2845,GENE_1695,GENE_3084"
DRUG_0771,0.4887721010988009,2,0.75,0.435,0.435,0.0,"GENE_783,GENE_4071"
DRUG_0177,0.48674005913920204,2,0.86,0.47,0.47,0.0,"GENE_4303,GENE_1330"
DRUG_0252,0.48658300155853484,2,0.86,0.495,0.495,0.0,"GENE_143,GENE_2870"
DRUG_0764,0.48607553710357565,8,0.91,0.49874999999999997,0.49874999999999997,0.0,"GENE_4453,GENE_412,GENE_1774,GENE_1888,GENE_1513,GENE_2415,GENE_1334,GENE_3281"
DRUG_0908,0.4858013839088058,5,0.87,0.43,0.43,0.0,"GENE_973,GENE_2219,GENE_2966,GENE_2310,GENE_1713"
DRUG_0594,0.4857853126607691,6,0.93,0.5983333333333334,0.5983333333333334,0.0,"GENE_2835,GENE_3751,GENE_1797,GENE_4963,GENE_4714,GENE_2136"
DRUG_0547,0.48553960032779714,8,0.93,0.47375,0.47375,0.0,"GENE_2682,GENE_587,GENE_2323,GENE_4443,GENE_2397,GENE_4935,GENE_3739,GENE_4401"
DRUG_0433,0.4853568226730196,3,0.95,0.5866666666666667,0.5866666666666667,0.0,"GENE_3186,GENE_703,GENE_2599"
DRUG_0304,0.485037328995252,10,0.88,0.46900000000000003,0.46900000000000003,0.0,"GENE_532,GENE_4902,GENE_1652,GENE_4761,GENE_2684,GENE_3858,GENE_3466,GENE_3811,GENE_4823,GENE_127"
DRUG_0678,0.4835678976261678,10,0.87,0.376,0.376,0.0,"GENE_630,GENE_2474,GENE_1034,GENE_2947,GENE_4679,GENE_2816,GENE_2158,GENE_826,GENE_3333,GENE_2721"
DRUG_0399,0.48306939455693293,7,0.93,0.5185714285714287,0.5185714285714287,0.0,"GENE_4488,GENE_2739,GENE_2100,GENE_32,GENE_4834,GENE_3929,GENE_2232"
DRUG_0784,0.4828631084908421,6,0.9,0.465,0.465,0.0,"GENE_2642,GENE_4294,GENE_4673,GENE_1092,GENE_4423,GENE_823"
DRUG_0558,0.4826174782917077,8,0.83,0.46375,0.46375,0.0,"GENE_67,GENE_2826,GENE_4337,GENE_603,GENE_1439,GENE_1687,GENE_3297,GENE_749"
DRUG_0165,0.48245726365493957,2,0.9,0.485,0.485,0.0,"GENE_1332,GENE_2085"
DRUG_0974,0.48245659074012387,9,0.88,0.508888888888889,0.508888888888889,0.0,"GENE_2570,GENE_3049,GENE_4809,GENE_3919,GENE_1825,GENE_3454,GENE_1097,GENE_2373,GENE_1591"
DRUG_0202,0.481622456309794,10,0.91,0.49400000000000005,0.49400000000000005,0.0,"GENE_176,GENE_65,GENE_1466,GENE_4028,GENE_4605,GENE_1777,GENE_213,GENE_4473,GENE_3854,GENE_3552"
DRUG_0234,0.4815942673471315,10,0.94,0.477,0.477,0.0,"GENE_3784,GENE_4082,GENE_177,GENE_2781,GENE_945,GENE_4820,GENE_4489,GENE_1097,GENE_2314,GENE_1021"
DRUG_0387,0.48059286334536894,5,0.94,0.42000000000000004,0.42000000000000004,0.0,"GENE_722,GENE_2933,GENE_646,GENE_390,GENE_2956"
DRUG_0922,0.48056082496378305,6,0.86,0.4716666666666667,0.4716666666666667,0.0,"GENE_4085,GENE_2109,GENE_1865,GENE_4562,GENE_1495,GENE_1129"
DRUG_0145,0.48024607688494736,2,0.83,0.45499999999999996,0.45499999999999996,0.0,"GENE_4823,GENE_2200"
DRUG_0615,0.4799650745701899,8,0.92,0.4775,0.4775,0.0,"GENE_4291,GENE_3848,GENE_261,GENE_968,GENE_2613,GENE_4079,GENE_3379,GENE_288"
DRUG_0495,0.47895064214821553,4,0.84,0.48,0.48,0.0,"GENE_3716,GENE_1421,GENE_627,GENE_3921"
DRUG_0505,0.47872902679390084,8,0.86,0.47250000000000003,0.47250000000000003,0.0,"GENE_2467,GENE_1382,GENE_2259,GENE_3315,GENE_3668,GENE_3415,GENE_772,GENE_1684"
DRUG_0156,0.478387824555503,6,0.91,0.47833333333333333,0.47833333333333333,0.0,"GENE_4435,GENE_4213,GENE_4549,GENE_2245,GENE_471,GENE_4966"
DRUG_0739,0.4782642428477906,5,0.85,0.55,0.55,0.0,"GENE_1012,GENE_1896,GENE_1261,GENE_1236,GENE_294"
DRUG_0551,0.4780492696329417,7,0.85,0.47857142857142865,0.47857142857142865,0.0,"GENE_3835,GENE_1888,GENE_0,GENE_4158,GENE_3118,GENE_2391,GENE_2788"
DRUG_0742,0.4774254176851455,4,0.87,0.4650000000000001,0.4650000000000001,0.0,"GENE_4359,GENE_222,GENE_1943,GENE_1803"
DRUG_0306,0.4765491416392116,2,0.89,0.505,0.505,0.0,"GENE_1674,GENE_2067"
DRUG_0062,0.47549477388573574,7,0.92,0.51,0.51,0.0,"GENE_2884,GENE_4576,GENE_3417,GENE_1029,GENE_4548,GENE_2727,GENE_633"
DRUG_0376,0.47537986716090197,9,0.91,0.44555555555555565,0.44555555555555565,0.0,"GENE_2037,GENE_2371,GENE_544,GENE_1583,GENE_1834,GENE_2529,GENE_1072,GENE_4169,GENE_3313"
DRUG_0999,0.47485860263244545,4,0.85,0.47,0.47,0.0,"GENE_2403,GENE_201,GENE_817,GENE_881"
DRUG_0184,0.47431164825839034,2,0.87,0.485,0.485,0.0,"GENE_630,GENE_778"
DRUG_0149,0.47342667241695785,3,0.84,0.36999999999999994,0.36999999999999994,0.0,"GENE_52,GENE_207,GENE_4380"
DRUG_0185,0.4731521023199062,10,0.94,0.4659999999999999,0.4659999999999999,0.0,"GENE_846,GENE_1482,GENE_625,GENE_1233,GENE_80,GENE_3319,GENE_1700,GENE_287,GENE_1074,GENE_4232"
DRUG_0996,0.4723579630467355,8,0.94,0.47374999999999995,0.47374999999999995,0.0,"GENE_2740,GENE_4626,GENE_2557,GENE_4239,GENE_4033,GENE_1202,GENE_412,GENE_4847"
DRUG_0289,0.4719379582594449,8,0.92,0.48624999999999996,0.48624999999999996,0.0,"GENE_2560,GENE_1720,GENE_2447,GENE_2983,GENE_1469,GENE_1830,GENE_2343,GENE_2914"
DRUG_0954,0.4705574690604219,6,0.86,0.4716666666666666,0.4716666666666666,0.0,"GENE_1267,GENE_1739,GENE_3255,GENE_1137,GENE_2653,GENE_1484"
DRUG_0027,0.4702742511828434,3,0.77,0.5566666666666666,0.5566666666666666,0.0,"GENE_1328,GENE_1655,GENE_157"
DRUG_0287,0.47021797365099643,5,0.87,0.49800000000000005,0.49800000000000005,0.0,"GENE_1864,GENE_4687,GENE_3372,GENE_4653,GENE_57"
DRUG_0173,0.4693017980350924,10,0.88,0.4710000000000001,0.4710000000000001,0.0,"GENE_2963,GENE_2359,GENE_1717,GENE_880,GENE_1762,GENE_3179,GENE_1200,GENE_1963,GENE_142,GENE_1128"
DRUG_0967,0.4686220318239253,6,0.91,0.49333333333333335,0.49333333333333335,0.0,"GENE_4166,GENE_4915,GENE_2119,GENE_4518,GENE_4801,GENE_1774"
DRUG_0357,0.4685167593412397,4,0.86,0.455,0.455,0.0,"GENE_1300,GENE_1503,GENE_3880,GENE_2288"
DRUG_0997,0.4679624260936462,9,0.87,0.4288888888888888,0.4288888888888888,0.0,"GENE_4714,GENE_3268,GENE_4892,GENE_4055,GENE_2073,GENE_4998,GENE_3860,GENE_3820,GENE_4834"
DRUG_0251,0.46781589026378817,10,0.97,0.497,0.497,0.0,"GENE_1321,GENE_4911,GENE_774,GENE_3923,GENE_685,GENE_179,GENE_2876,GENE_4044,GENE_2205,GENE_502"
DRUG_0415,0.46719701754808746,8,0.86,0.44125000000000003,0.44125000000000003,0.0,"GENE_1749,GENE_469,GENE_3622,GENE_4454,GENE_4879,GENE_2246,GENE_379,GENE_583"
DRUG_0448,0.4670328261430319,10,0.84,0.39299999999999996,0.39299999999999996,0.0,"GENE_4760,GENE_2126,GENE_1328,GENE_2105,GENE_4273,GENE_315,GENE_1550,GENE_3014,GENE_4777,GENE_3009"
DRUG_0924,0.46686379203509026,2,0.83,0.45999999999999996,0.45999999999999996,0.0,"GENE_601,GENE_1529"
DRUG_0937,0.4659417199506815,8,0.89,0.47250000000000003,0.47250000000000003,0.0,"GENE_4563,GENE_935,GENE_2108,GENE_4479,GENE_675,GENE_1286,GENE_78,GENE_3198"
DRUG_0686,0.465633794102758,9,0.86,0.5044444444444445,0.5044444444444445,0.0,"GENE_4434,GENE_932,GENE_4010,GENE_543,GENE_56,GENE_4185,GENE_4695,GENE_2910,GENE_2562"
DRUG_0744,0.4646910855096893,8,0.86,0.47250000000000003,0.47250000000000003,0.0,"GENE_4256,GENE_3315,GENE_1594,GENE_4910,GENE_3032,GENE_2987,GENE_2690,GENE_3211"
DRUG_0000,0.4640711491335752,7,0.83,0.4928571428571428,0.4928571428571428,0.0,"GENE_1501,GENE_2586,GENE_2653,GENE_1055,GENE_705,GENE_106,GENE_589"
DRUG_0585,0.46396229422443624,2,0.84,0.475,0.475,0.0,"GENE_4945,GENE_1247"
DRUG_0919,0.46239903568708696,3,0.75,0.51,0.51,0.0,"GENE_765,GENE_4803,GENE_2773"
DRUG_0479,0.4619288459934606,5,0.94,0.43,0.43,0.0,"GENE_2200,GENE_1750,GENE_42,GENE_2576,GENE_4601"
DRUG_0824,0.4617761086067929,2,0.7,0.43,0.43,0.0,"GENE_4932,GENE_1222"
DRUG_0652,0.4615969608808232,9,0.96,0.4444444444444444,0.4444444444444444,0.0,"GENE_221,GENE_2147,GENE_2256,GENE_4607,GENE_2476,GENE_4605,GENE_2600,GENE_184,GENE_2363"
DRUG_0356,0.4613163591570437,5,0.88,0.454,0.454,0.0,"GENE_1274,GENE_1002,GENE_3039,GENE_732,GENE_385"
DRUG_0539,0.46096353518054745,3,0.86,0.37000000000000005,0.37000000000000005,0.0,"GENE_2266,GENE_343,GENE_1118"
DRUG_0022,0.45899447403517507,5,0.95,0.434,0.434,0.0,"GENE_4615,GENE_829,GENE_3407,GENE_3360,GENE_4863"
DRUG_0026,0.4588996114832846,6,0.96,0.38833333333333325,0.38833333333333325,0.0,"GENE_3154,GENE_2985,GENE_1632,GENE_3526,GENE_3470,GENE_4288"
DRUG_0446,0.45772638853791353,5,0.9,0.43599999999999994,0.43599999999999994,0.0,"GENE_4904,GENE_1581,GENE_46,GENE_3300,GENE_3921"
DRUG_0119,0.45715574696628786,5,0.86,0.374,0.374,0.0,"GENE_597,GENE_1945,GENE_3167,GENE_1897,GENE_1796"
DRUG_0992,0.45405755214683885,10,0.92,0.44699999999999995,0.44699999999999995,0.0,"GENE_4920,GENE_3183,GENE_197,GENE_1048,GENE_1006,GENE_968,GENE_212,GENE_1467,GENE_2767,GENE_20"
DRUG_0673,0.4540028799407505,8,0.93,0.40375000000000005,0.40375000000000005,0.0,"GENE_1529,GENE_4422,GENE_2196,GENE_3872,GENE_3707,GENE_2090,GENE_261,GENE_4531"
DRUG_0663,0.45362659101472763,4,0.88,0.46,0.46,0.0,"GENE_4182,GENE_1974,GENE_4911,GENE_1527"
DRUG_0946,0.4526933812933918,10,0.88,0.4659999999999999,0.4659999999999999,0.0,"GENE_1765,GENE_2159,GENE_1408,GENE_3325,GENE_332,GENE_4486,GENE_4886,GENE_694,GENE_2213,GENE_135"
DRUG_0092,0.4525914909170658,8,0.84,0.45999999999999996,0.45999999999999996,0.0,"GENE_3987,GENE_1462,GENE_3925,GENE_4320,GENE_4799,GENE_2603,GENE_4867,GENE_1857"
DRUG_0404,0.4524627756321016,2,0.88,0.51,0.51,0.0,"GENE_3598,GENE_4771"
DRUG_0553,0.4523641632898323,8,0.88,0.47624999999999995,0.47624999999999995,0.0,"GENE_3879,GENE_1684,GENE_4017,GENE_1008,GENE_4763,GENE_2704,GENE_4934,GENE_2122"
DRUG_0038,0.45169076765407395,8,0.9,0.46499999999999997,0.46499999999999997,0.0,"GENE_2122,GENE_1886,GENE_1234,GENE_4360,GENE_4018,GENE_2204,GENE_4434,GENE_3850"
DRUG_0077,0.4514844253882034,7,0.94,0.4514285714285714,0.4514285714285714,0.0,"GENE_322,GENE_2442,GENE_4312,GENE_354,GENE_2583,GENE_4802,GENE_2091"
DRUG_0599,0.4506455049974388,7,0.83,0.40285714285714286,0.40285714285714286,0.0,"GENE_1473,GENE_3798,GENE_4088,GENE_1851,GENE_2107,GENE_494,GENE_2172"
DRUG_0365,0.449755406362661,9,0.88,0.4433333333333333,0.4433333333333333,0.0,"GENE_4016,GENE_335,GENE_2716,GENE_2077,GENE_298,GENE_861,GENE_363,GENE_4573,GENE_258"
DRUG_0653,0.44945936368049516,2,0.86,0.46499999999999997,0.46499999999999997,0.0,"GENE_51,GENE_4111"
DRUG_0082,0.4493079799661002,5,0.86,0.392,0.392,0.0,"GENE_4391,GENE_467,GENE_1709,GENE_2514,GENE_742"
DRUG_0065,0.44708420193418813,4,0.93,0.48750000000000004,0.48750000000000004,0.0,"GENE_2945,GENE_926,GENE_2782,GENE_2994"
DRUG_0788,0.4468099422080839,9,0.94,0.43222222222222223,0.43222222222222223,0.0,"GENE_2661,GENE_2292,GENE_3365,GENE_2987,GENE_1,GENE_4316,GENE_1952,GENE_4214,GENE_1750"
DRUG_0308,0.4465139513691159,9,0.9,0.42666666666666664,0.42666666666666664,0.0,"GENE_2161,GENE_1785,GENE_2459,GENE_86,GENE_3527,GENE_50,GENE_2728,GENE_4457,GENE_3985"
DRUG_0531,0.4462881616643582,4,0.87,0.5,0.5,0.0,"GENE_3046,GENE_3198,GENE_3560,GENE_2091"
DRUG_0993,0.4462556062040537,5,0.88,0.374,0.374,0.0,"GENE_996,GENE_1675,GENE_2352,GENE_1710,GENE_3879"
DRUG_0723,0.4462035396548877,8,0.93,0.4775,0.4775,0.0,"GENE_1611,GENE_3937,GENE_1088,GENE_3586,GENE_4110,GENE_4142,GENE_3080,GENE_4153"
DRUG_0296,0.44605976454919805,4,0.82,0.4425,0.4425,0.0,"GENE_2556,GENE_1308,GENE_4470,GENE_1454"
DRUG_0012,0.4459099882034068,8,0.85,0.48,0.48,0.0,"GENE_2893,GENE_4166,GENE_3633,GENE_2259,GENE_3776,GENE_3293,GENE_4709,GENE_1815"
DRUG_0182,0.44499925393436357,9,0.92,0.44333333333333325,0.44333333333333325,0.0,"GENE_1653,GENE_995,GENE_3797,GENE_4181,GENE_2367,GENE_2569,GENE_3179,GENE_47,GENE_2444"
DRUG_0748,0.4446193245028036,10,0.92,0.457,0.457,0.0,"GENE_4634,GENE_3785,GENE_443,GENE_11,GENE_118,GENE_2729,GENE_4079,GENE_2614,GENE_4629,GENE_4160"
DRUG_0172,0.4443580477968094,9,0.92,0.45444444444444443,0.45444444444444443,0.0,"GENE_1771,GENE_3071,GENE_3471,GENE_3167,GENE_4288,GENE_932,GENE_809,GENE_4203,GENE_4421"
DRUG_0005,0.44300833619161084,6,0.96,0.48,0.48,0.0,"GENE_1291,GENE_1842,GENE_1808,GENE_1726,GENE_3725,GENE_3854"
DRUG_0823,0.4424951530300245,6,0.83,0.4633333333333334,0.4633333333333334,0.0,"GENE_4634,GENE_2974,GENE_1137,GENE_2344,GENE_4007,GENE_56"
DRUG_0265,0.4422686203169547,9,0.92,0.49,0.49,0.0,"GENE_2255,GENE_482,GENE_2767,GENE_2888,GENE_2283,GENE_606,GENE_4451,GENE_4521,GENE_781"
DRUG_0541,0.44184380420384134,4,0.86,0.43,0.43,0.0,"GENE_2191,GENE_2941,GENE_4779,GENE_2475"
DRUG_0897,0.4414357149917702,8,0.97,0.47,0.47,0.0,"GENE_2201,GENE_2019,GENE_367,GENE_1549,GENE_2141,GENE_4557,GENE_2241,GENE_817"
DRUG_0709,0.4413901845322654,9,0.89,0.4277777777777778,0.4277777777777778,0.0,"GENE_2273,GENE_1838,GENE_3161,GENE_1676,GENE_4722,GENE_4200,GENE_2310,GENE_4780,GENE_3746"
DRUG_0966,0.4394691270618155,9,0.88,0.4277777777777778,0.4277777777777778,0.0,"GENE_817,GENE_3325,GENE_4546,GENE_930,GENE_2748,GENE_543,GENE_3418,GENE_305,GENE_4105"
DRUG_0181,0.4391543422155922,6,0.88,0.38000000000000006,0.38000000000000006,0.0,"GENE_4372,GENE_540,GENE_4082,GENE_1612,GENE_4186,GENE_2213"
DRUG_0870,0.43830685841709893,8,0.87,0.45125,0.45125,0.0,"GENE_3149,GENE_762,GENE_650,GENE_4157,GENE_3999,GENE_669,GENE_2690,GENE_2820"
DRUG_0668,0.4382806484450547,4,0.89,0.46,0.46,0.0,"GENE_3645,GENE_2611,GENE_3068,GENE_3221"
DRUG_0050,0.43687769227022694,4,0.79,0.4375,0.4375,0.0,"GENE_4585,GENE_2162,GENE_2587,GENE_2678"
DRUG_0941,0.4356008444505811,10,0.91,0.372,0.372,0.0,"GENE_2549,GENE_72,GENE_3243,GENE_4008,GENE_4546,GENE_4585,GENE_3029,GENE_1660,GENE_4746,GENE_4310"
DRUG_0774,0.4351066506588441,10,0.85,0.46699999999999997,0.46699999999999997,0.0,"GENE_2378,GENE_4835,GENE_2578,GENE_2130,GENE_62,GENE_893,GENE_3006,GENE_3873,GENE_2096,GENE_3087"
DRUG_0514,0.43454892517771293,7,0.85,0.4114285714285715,0.4114285714285715,0.0,"GENE_3767,GENE_346,GENE_4345,GENE_2218,GENE_4200,GENE_2460,GENE_4774"
DRUG_0303,0.43440703334961683,4,0.85,0.4425,0.4425,0.0,"GENE_3400,GENE_4712,GENE_1129,GENE_1869"
DRUG_0682,0.43437070647570203,3,0.96,0.3866666666666667,0.3866666666666667,0.0,"GENE_3712,GENE_87,GENE_4074"
DRUG_0619,0.43433992853649595,3,0.86,0.4033333333333333,0.4033333333333333,0.0,"GENE_1071,GENE_4743,GENE_3329"
DRUG_0732,0.43425231001086545,8,0.9,0.40125,0.40125,0.0,"GENE_327,GENE_3470,GENE_3924,GENE_3911,GENE_536,GENE_4342,GENE_1484,GENE_1471"
DRUG_0627,0.43421478290465626,5,0.94,0.41400000000000003,0.41400000000000003,0.0,"GENE_3758,GENE_3065,GENE_884,GENE_4919,GENE_2176"
DRUG_0290,0.43238278375939443,8,0.93,0.45625,0.45625,0.0,"GENE_2426,GENE_1206,GENE_1479,GENE_2396,GENE_4174,GENE_4823,GENE_2548,GENE_629"
DRUG_0681,0.431431405773188,10,0.87,0.46299999999999997,0.46299999999999997,0.0,"GENE_2619,GENE_1414,GENE_299,GENE_440,GENE_795,GENE_1923,GENE_1330,GENE_261,GENE_1828,GENE_2720"
DRUG_0834,0.43097655979303484,6,0.92,0.36833333333333335,0.36833333333333335,0.0,"GENE_4410,GENE_2199,GENE_2978,GENE_129,GENE_4093,GENE_2262"
DRUG_0857,0.4308521175229282,8,0.96,0.49249999999999994,0.49249999999999994,0.0,"GENE_407,GENE_1759,GENE_2176,GENE_327,GENE_3127,GENE_4418,GENE_3276,GENE_3681"
DRUG_0110,0.430006378095127,9,0.85,0.41444444444444445,0.41444444444444445,0.0,"GENE_4149,GENE_4448,GENE_3706,GENE_4953,GENE_1571,GENE_2614,GENE_4278,GENE_4070,GENE_2970"
DRUG_0662,0.4298909669673702,3,0.89,0.39333333333333337,0.39333333333333337,0.0,"GENE_3061,GENE_4266,GENE_2047"
DRUG_0359,0.42854626277419433,10,0.94,0.477,0.477,0.0,"GENE_2381,GENE_1145,GENE_4519,GENE_1136,GENE_3939,GENE_4173,GENE_4381,GENE_687,GENE_1224,GENE_4044"
DRUG_0535,0.428496304559387,9,0.87,0.4233333333333333,0.4233333333333333,0.0,"GENE_3453,GENE_565,GENE_112,GENE_3620,GENE_2476,GENE_2770,GENE_3076,GENE_2362,GENE_4658"
DRUG_0013,0.4284401153638119,8,0.86,0.4425,0.4425,0.0,"GENE_2240,GENE_2393,GENE_2376,GENE_832,GENE_1041,GENE_633,GENE_2924,GENE_2479"
DRUG_0829,0.428430370520396,8,0.88,0.48624999999999996,0.48624999999999996,0.0,"GENE_4897,GENE_2791,GENE_4531,GENE_1399,GENE_178,GENE_4450,GENE_604,GENE_3623"
DRUG_0661,0.427168657316892,10,0.93,0.40199999999999997,0.40199999999999997,0.0,"GENE_4873,GENE_569,GENE_3897,GENE_2248,GENE_4649,GENE_1760,GENE_1106,GENE_1949,GENE_3318,GENE_2548"
DRUG_0865,0.4259471217044845,5,0.85,0.394,0.394,0.0,"GENE_3812,GENE_2491,GENE_2604,GENE_2053,GENE_2290"
DRUG_0171,0.42556746451437855,2,0.78,0.465,0.465,0.0,"GENE_2690,GENE_4568"
DRUG_0417,0.4254795691568338,7,0.86,0.43,0.43,0.0,"GENE_1175,GENE_3183,GENE_1574,GENE_219,GENE_4836,GENE_3935,GENE_3564"
DRUG_0982,0.42499424790193746,8,0.94,0.3875,0.3875,0.0,"GENE_3798,GENE_4055,GENE_390,GENE_4463,GENE_576,GENE_3550,GENE_2591,GENE_4240"
DRUG_0975,0.4247053141379392,10,0.9,0.472,0.472,0.0,"GENE_3133,GENE_2995,GENE_3789,GENE_958,GENE_4820,GENE_3175,GENE_4546,GENE_1499,GENE_215,GENE_1905"
DRUG_0079,0.4242904427821233,4,0.82,0.465,0.465,0.0,"GENE_1176,GENE_2993,GENE_1251,GENE_2507"
DRUG_0819,0.4242266614094251,9,0.91,0.4311111111111111,0.4311111111111111,0.0,"GENE_4307,GENE_4683,GENE_4314,GENE_3136,GENE_193,GENE_2662,GENE_4113,GENE_1272,GENE_4631"
DRUG_0023,0.4239680289418343,8,0.91,0.46375,0.46375,0.0,"GENE_2900,GENE_4934,GENE_3345,GENE_1952,GENE_695,GENE_922,GENE_721,GENE_2391"
DRUG_0315,0.4236676133318728,9,0.88,0.42666666666666664,0.42666666666666664,0.0,"GENE_2264,GENE_3466,GENE_4690,GENE_373,GENE_3486,GENE_2583,GENE_1339,GENE_3709,GENE_2637"
DRUG_0285,0.42288248335183526,6,0.92,0.47333333333333333,0.47333333333333333,0.0,"GENE_3711,GENE_839,GENE_1456,GENE_1449,GENE_3857,GENE_903"
DRUG_0813,0.4223881271700704,3,0.87,0.36333333333333334,0.36333333333333334,0.0,"GENE_419,GENE_19,GENE_1960"
DRUG_0470,0.4218496011087254,8,0.89,0.36,0.36,0.0,"GENE_2291,GENE_478,GENE_3845,GENE_1362,GENE_2702,GENE_1609,GENE_3531,GENE_3576"
DRUG_0837,0.4215834660267018,6,0.93,0.38833333333333336,0.38833333333333336,0.0,"GENE_4092,GENE_3434,GENE_3250,GENE_759,GENE_3301,GENE_624"
DRUG_0928,0.4212957673122111,5,0.92,0.40800000000000003,0.40800000000000003,0.0,"GENE_2475,GENE_1018,GENE_337,GENE_568,GENE_1380"
DRUG_0601,0.4201827884628615,6,0.9,0.35833333333333334,0.35833333333333334,0.0,"GENE_3072,GENE_1597,GENE_2368,GENE_3083,GENE_482,GENE_4823"
DRUG_0259,0.4200017563269263,10,0.85,0.396,0.396,0.0,"GENE_60,GENE_777,GENE_3340,GENE_928,GENE_3144,GENE_4337,GENE_4401,GENE_1622,GENE_4563,GENE_2055"
DRUG_0635,0.41999784800215506,6,0.86,0.47333333333333333,0.47333333333333333,0.0,"GENE_2940,GENE_2765,GENE_3997,GENE_1665,GENE_405,GENE_533"
DRUG_0490,0.41915704148341537,6,0.89,0.37999999999999995,0.37999999999999995,0.0,"GENE_2593,GENE_2493,GENE_1122,GENE_2070,GENE_2398,GENE_2396"
DRUG_0721,0.41909390797336266,7,0.9,0.4514285714285715,0.4514285714285715,0.0,"GENE_2034,GENE_1830,GENE_831,GENE_883,GENE_4837,GENE_3994,GENE_4269"
DRUG_0973,0.4188167080522216,6,0.89,0.36000000000000004,0.36000000000000004,0.0,"GENE_1120,GENE_2944,GENE_2680,GENE_2513,GENE_2167,GENE_4873"
DRUG_0555,0.4188159297025718,7,0.86,0.43142857142857144,0.43142857142857144,0.0,"GENE_3649,GENE_570,GENE_4524,GENE_3255,GENE_2873,GENE_4704,GENE_3257"
DRUG_0606,0.4181025277929631,9,0.82,0.4066666666666667,0.4066666666666667,0.0,"GENE_967,GENE_1939,GENE_4025,GENE_3748,GENE_2870,GENE_340,GENE_1436,GENE_2948,GENE_1656"
DRUG_0465,0.41792585280701505,4,0.89,0.47250000000000003,0.47250000000000003,0.0,"GENE_2430,GENE_4514,GENE_3879,GENE_3769"
DRUG_0256,0.41775485705989024,5,0.85,0.41600000000000004,0.41600000000000004,0.0,"GENE_2180,GENE_4865,GENE_4771,GENE_4425,GENE_3708"
DRUG_0494,0.4168130709243313,8,0.97,0.3975,0.3975,0.0,"GENE_3499,GENE_523,GENE_1459,GENE_1841,GENE_3941,GENE_1258,GENE_2398,GENE_4944"
DRUG_0497,0.41655166269718896,9,0.84,0.48444444444444446,0.48444444444444446,0.0,"GENE_2373,GENE_1359,GENE_2302,GENE_2955,GENE_73,GENE_4574,GENE_2175,GENE_795,GENE_2018"
DRUG_0772,0.4162516074888745,8,0.9,0.44249999999999995,0.44249999999999995,0.0,"GENE_1598,GENE_3343,GENE_4647,GENE_2936,GENE_2400,GENE_3180,GENE_317,GENE_821"
DRUG_0812,0.41604548020912613,6,0.93,0.36166666666666664,0.36166666666666664,0.0,"GENE_1293,GENE_1834,GENE_4887,GENE_266,GENE_4112,GENE_2993"
DRUG_0881,0.41588724417917594,9,0.88,0.4744444444444444,0.4744444444444444,0.0,"GENE_2029,GENE_74,GENE_4002,GENE_389,GENE_3533,GENE_1540,GENE_2076,GENE_2874,GENE_1325"
DRUG_0864,0.4157666493616352,10,0.94,0.41500000000000004,0.41500000000000004,0.0,"GENE_4170,GENE_4163,GENE_3779,GENE_3748,GENE_806,GENE_3234,GENE_4424,GENE_3701,GENE_792,GENE_4707"
DRUG_0874,0.41546300279409965,3,0.89,0.37666666666666665,0.37666666666666665,0.0,"GENE_1935,GENE_2966,GENE_2212"
DRUG_0443,0.4152066028031724,4,0.89,0.30000000000000004,0.30000000000000004,0.0,"GENE_1031,GENE_2198,GENE_1425,GENE_200"
DRUG_0985,0.41494896326450736,3,0.82,0.35666666666666663,0.35666666666666663,0.0,"GENE_1757,GENE_2727,GENE_3315"
DRUG_0790,0.4147472458293554,10,0.84,0.40599999999999997,0.40599999999999997,0.0,"GENE_3807,GENE_2144,GENE_873,GENE_4450,GENE_3274,GENE_2674,GENE_3672,GENE_3402,GENE_1402,GENE_3776"
DRUG_0075,0.4144267152667661,9,0.87,0.4244444444444444,0.4244444444444444,0.0,"GENE_3126,GENE_2000,GENE_1769,GENE_673,GENE_1382,GENE_1366,GENE_3902,GENE_3600,GENE_830"
DRUG_0498,0.41423576196693734,6,0.92,0.38000000000000006,0.38000000000000006,0.0,"GENE_576,GENE_2598,GENE_1776,GENE_4101,GENE_2202,GENE_180"
DRUG_0504,0.4135686439030845,7,0.93,0.3385714285714286,0.3385714285714286,0.0,"GENE_4487,GENE_2526,GENE_3288,GENE_3485,GENE_3150,GENE_3226,GENE_4666"
DRUG_0061,0.4130231255749001,5,0.86,0.364,0.364,0.0,"GENE_2096,GENE_408,GENE_765,GENE_2679,GENE_2465"
DRUG_0546,0.41279950330968884,5,0.89,0.358,0.358,0.0,"GENE_2383,GENE_1861,GENE_3994,GENE_1712,GENE_555"
DRUG_0378,0.41269636154315886,3,0.83,0.35000000000000003,0.35000000000000003,0.0,"GENE_2674,GENE_2862,GENE_4265"
DRUG_0773,0.41182473062566693,8,0.9,0.39,0.39,0.0,"GENE_946,GENE_1718,GENE_2043,GENE_3777,GENE_950,GENE_3516,GENE_2230,GENE_3021"
DRUG_0452,0.41120144217600363,2,0.87,0.46499999999999997,0.46499999999999997,0.0,"GENE_1110,GENE_459"
DRUG_0402,0.4110276567352661,9,0.87,0.41888888888888887,0.41888888888888887,0.0,"GENE_4783,GENE_1877,GENE_1773,GENE_1013,GENE_1283,GENE_2320,GENE_3803,GENE_3675,GENE_4671"
DRUG_0346,0.410823347749228,4,0.9,0.46,0.46,0.0,"GENE_1149,GENE_3273,GENE_1992,GENE_3186"
DRUG_0862,0.4105451762094502,8,0.96,0.4,0.4,0.0,"GENE_1958,GENE_2387,GENE_1615,GENE_1927,GENE_3995,GENE_1791,GENE_1623,GENE_1931"
DRUG_0186,0.41014223315467624,10,0.92,0.446,0.446,0.0,"GENE_1409,GENE_3025,GENE_734,GENE_3162,GENE_972,GENE_3011,GENE_1997,GENE_676,GENE_4042,GENE_2576"
DRUG_0746,0.4098593907758162,3,0.94,0.3566666666666667,0.3566666666666667,0.0,"GENE_3506,GENE_2474,GENE_3715"
DRUG_0327,0.4095829406420409,6,0.83,0.33499999999999996,0.33499999999999996,0.0,"GENE_3576,GENE_2177,GENE_4007,GENE_4504,GENE_1616,GENE_4877"
DRUG_0293,0.4088674588904357,10,0.89,0.44600000000000006,0.44600000000000006,0.0,"GENE_4854,GENE_3159,GENE_1326,GENE_2701,GENE_2367,GENE_3387,GENE_1205,GENE_3962,GENE_2183,GENE_4918"
DRUG_0350,0.4078164762418843,6,0.86,0.4483333333333333,0.4483333333333333,0.0,"GENE_4387,GENE_1885,GENE_2805,GENE_3492,GENE_2202,GENE_4059"
DRUG_0557,0.4067705737877237,8,0.86,0.37124999999999997,0.37124999999999997,0.0,"GENE_1141,GENE_1100,GENE_1432,GENE_1444,GENE_2658,GENE_1552,GENE_4302,GENE_2293"
DRUG_0918,0.4057204580713741,5,0.83,0.4,0.4,0.0,"GENE_4851,GENE_2424,GENE_3307,GENE_1521,GENE_649"
DRUG_0477,0.40456896655962277,10,0.92,0.4109999999999999,0.4109999999999999,0.0,"GENE_1323,GENE_2042,GENE_2101,GENE_1336,GENE_109,GENE_469,GENE_1266,GENE_918,GENE_254,GENE_4972"
DRUG_0322,0.40422451884920163,5,0.88,0.43000000000000005,0.43000000000000005,0.0,"GENE_4217,GENE_4630,GENE_1128,GENE_1182,GENE_3618"
DRUG_0425,0.4042193746732302,4,0.86,0.45499999999999996,0.45499999999999996,0.0,"GENE_291,GENE_410,GENE_4039,GENE_4541"
DRUG_0853,0.4024658063907595,10,0.9,0.373,0.373,0.0,"GENE_4003,GENE_3483,GENE_4795,GENE_1183,GENE_1262,GENE_3531,GENE_4608,GENE_4111,GENE_1427,GENE_2552"
DRUG_0532,0.40209575147703247,7,0.84,0.32571428571428573,0.32571428571428573,0.0,"GENE_4478,GENE_3554,GENE_1,GENE_3354,GENE_4394,GENE_868,GENE_803"
DRUG_0488,0.4009780702078583,8,0.9,0.38375,0.38375,0.0,"GENE_4914,GENE_4087,GENE_4063,GENE_2143,GENE_3645,GENE_3615,GENE_132,GENE_4698"
DRUG_0749,0.4008741104353137,4,0.89,0.4925,0.4925,0.0,"GENE_2503,GENE_1200,GENE_3914,GENE_2126"
DRUG_0509,0.40074160799601694,3,0.8,0.33,0.33,0.0,"GENE_1935,GENE_2920,GENE_1099"
DRUG_0537,0.3997254234290639,8,0.88,0.38625,0.38625,0.0,"GENE_2894,GENE_189,GENE_887,GENE_4148,GENE_4373,GENE_1562,GENE_3327,GENE_1616"
DRUG_0793,0.3996753752695979,4,0.89,0.49250000000000005,0.49250000000000005,0.0,"GENE_2094,GENE_3547,GENE_4977,GENE_2454"
DRUG_0708,0.3994604677210654,7,0.88,0.45000000000000007,0.45000000000000007,0.0,"GENE_2365,GENE_3421,GENE_4268,GENE_4136,GENE_4424,GENE_919,GENE_3544"
DRUG_0115,0.39939881866278876,6,0.98,0.40499999999999997,0.40499999999999997,0.0,"GENE_4237,GENE_1899,GENE_2592,GENE_548,GENE_1768,GENE_1752"
DRUG_0464,0.39918728982968954,5,0.86,0.522,0.522,0.0,"GENE_2468,GENE_444,GENE_4570,GENE_4843,GENE_1503"
DRUG_0677,0.39887026390060143,6,0.88,0.35666666666666663,0.35666666666666663,0.0,"GENE_4749,GENE_4758,GENE_2768,GENE_3854,GENE_2206,GENE_2620"
DRUG_0393,0.39854442583089156,10,0.88,0.386,0.386,0.0,"GENE_1273,GENE_466,GENE_1739,GENE_1309,GENE_2636,GENE_2832,GENE_2216,GENE_1520,GENE_4614,GENE_4733"
DRUG_0358,0.39818182522728746,4,0.83,0.4175,0.4175,0.0,"GENE_3480,GENE_2822,GENE_1784,GENE_3372"
DRUG_0596,0.3979013111318851,10,0.9,0.393,0.393,0.0,"GENE_443,GENE_3177,GENE_4320,GENE_3302,GENE_913,GENE_602,GENE_668,GENE_1656,GENE_4914,GENE_2948"
DRUG_0785,0.39695055791431316,3,0.86,0.37333333333333335,0.37333333333333335,0.0,"GENE_2798,GENE_1904,GENE_1913"
DRUG_0602,0.3966352495338565,10,0.86,0.39299999999999996,0.39299999999999996,0.0,"GENE_2883,GENE_69,GENE_2485,GENE_1761,GENE_2812,GENE_1266,GENE_1626,GENE_143,GENE_257,GENE_4483"
DRUG_0904,0.3955990195748613,10,0.84,0.376,0.376,0.0,"GENE_2587,GENE_2910,GENE_2743,GENE_4679,GENE_843,GENE_778,GENE_4459,GENE_1101,GENE_2162,GENE_2494"
DRUG_0213,0.39546060992221077,10,0.89,0.41200000000000003,0.41200000000000003,0.0,"GENE_1092,GENE_506,GENE_4156,GENE_590,GENE_1507,GENE_406,GENE_3492,GENE_803,GENE_4857,GENE_2053"
DRUG_0351,0.3933328629539332,10,0.92,0.403,0.403,0.0,"GENE_314,GENE_2418,GENE_2300,GENE_2247,GENE_3739,GENE_4483,GENE_2630,GENE_4304,GENE_3290,GENE_489"
DRUG_0227,0.39331125944226575,6,0.88,0.32833333333333337,0.32833333333333337,0.0,"GENE_4344,GENE_3315,GENE_1932,GENE_3224,GENE_1929,GENE_2329"
DRUG_0700,0.39320260988155686,6,0.92,0.4833333333333332,0.4833333333333332,0.0,"GENE_1026,GENE_2505,GENE_3394,GENE_2883,GENE_4053,GENE_914"
DRUG_0577,0.39274436861742823,9,0.92,0.4388888888888889,0.4388888888888889,0.0,"GENE_3052,GENE_876,GENE_4286,GENE_1279,GENE_2876,GENE_4140,GENE_4151,GENE_2479,GENE_2202"
DRUG_0651,0.39255655881331775,9,0.88,0.3666666666666667,0.3666666666666667,0.0,"GENE_3593,GENE_3423,GENE_4708,GENE_249,GENE_2542,GENE_1173,GENE_1002,GENE_22,GENE_2380"
DRUG_0675,0.39219266366291666,9,0.9,0.43,0.43,0.0,"GENE_3596,GENE_904,GENE_4169,GENE_1542,GENE_2988,GENE_4286,GENE_2259,GENE_2696,GENE_261"
DRUG_0510,0.3917014443221067,2,0.88,0.475,0.475,0.0,"GENE_3293,GENE_4875"
DRUG_0845,0.39145848679255063,6,0.81,0.335,0.335,0.0,"GENE_4543,GENE_99,GENE_4294,GENE_2282,GENE_3283,GENE_779"
DRUG_0913,0.39054271877362173,5,0.89,0.396,0.396,0.0,"GENE_1674,GENE_2594,GENE_661,GENE_3890,GENE_4270"
DRUG_0929,0.39045030786817536,4,0.87,0.29750000000000004,0.29750000000000004,0.0,"GENE_46,GENE_2670,GENE_1708,GENE_4506"
DRUG_0456,0.39006349192832684,6,0.89,0.36333333333333334,0.36333333333333334,0.0,"GENE_3049,GENE_4181,GENE_3583,GENE_1207,GENE_638,GENE_2095"
DRUG_0131,0.39000915000519154,5,0.92,0.41400000000000003,0.41400000000000003,0.0,"GENE_2607,GENE_1636,GENE_76,GENE_937,GENE_3002"
DRUG_0718,0.3897109120490833,4,0.85,0.28750000000000003,0.28750000000000003,0.0,"GENE_575,GENE_448,GENE_4695,GENE_3149"
DRUG_0447,0.38868939010837344,7,0.94,0.3057142857142857,0.3057142857142857,0.0,"GENE_1872,GENE_3649,GENE_972,GENE_2492,GENE_4396,GENE_1750,GENE_3384"
DRUG_0220,0.387967029990489,3,0.89,0.39666666666666667,0.39666666666666667,0.0,"GENE_4258,GENE_3275,GENE_617"
DRUG_0483,0.38781196929409223,10,0.88,0.404,0.404,0.0,"GENE_2242,GENE_4448,GENE_775,GENE_1789,GENE_3410,GENE_3324,GENE_4987,GENE_4961,GENE_1594,GENE_4512"
DRUG_0249,0.38725524129695144,9,0.83,0.33111111111111113,0.33111111111111113,0.0,"GENE_3996,GENE_845,GENE_945,GENE_3230,GENE_618,GENE_4759,GENE_2353,GENE_4026,GENE_3636"
DRUG_0640,0.3861369034434344,9,0.92,0.36,0.36,0.0,"GENE_2060,GENE_45,GENE_1355,GENE_921,GENE_1091,GENE_1494,GENE_1718,GENE_3640,GENE_3666"
DRUG_0043,0.38597110958790776,8,0.92,0.4725,0.4725,0.0,"GENE_2438,GENE_1096,GENE_1579,GENE_2826,GENE_2452,GENE_2112,GENE_1653,GENE_4820"
DRUG_0960,0.38545333917680463,4,0.89,0.4325,0.4325,0.0,"GENE_2660,GENE_2453,GENE_934,GENE_1331"
DRUG_0140,0.3852128714160423,6,0.8,0.34500000000000003,0.34500000000000003,0.0,"GENE_3411,GENE_1313,GENE_406,GENE_4123,GENE_710,GENE_749"
DRUG_0949,0.3851413811621086,4,0.8,0.43,0.43,0.0,"GENE_4728,GENE_535,GENE_543,GENE_246"
DRUG_0454,0.38487610445199055,9,0.92,0.3688888888888889,0.3688888888888889,0.0,"GENE_1667,GENE_904,GENE_4953,GENE_3802,GENE_214,GENE_607,GENE_943,GENE_3715,GENE_3504"
DRUG_0849,0.38458739605616604,8,0.89,0.40375,0.40375,0.0,"GENE_2700,GENE_1502,GENE_3420,GENE_1727,GENE_835,GENE_2979,GENE_3839,GENE_598"
DRUG_0449,0.38433601301117937,2,0.93,0.52,0.52,0.0,"GENE_851,GENE_4308"
DRUG_0894,0.3839945069923275,7,0.93,0.42857142857142855,0.42857142857142855,0.0,"GENE_278,GENE_2494,GENE_1275,GENE_2971,GENE_357,GENE_4646,GENE_295"
DRUG_0604,0.3827626908787621,2,0.87,0.5,0.5,0.0,"GENE_4820,GENE_2819"
DRUG_0496,0.3814227379215291,10,0.92,0.425,0.425,0.0,"GENE_3842,GENE_4914,GENE_1037,GENE_2483,GENE_2563,GENE_3625,GENE_4908,GENE_2034,GENE_448,GENE_563"
DRUG_0706,0.381395344061705,10,0.9,0.393,0.393,0.0,"GENE_2192,GENE_3257,GENE_269,GENE_395,GENE_1551,GENE_799,GENE_2023,GENE_698,GENE_885,GENE_3414"
DRUG_0648,0.37993339519090163,2,0.82,0.46499999999999997,0.46499999999999997,0.0,"GENE_3283,GENE_3644"
DRUG_0360,0.37977394129161174,7,0.83,0.41571428571428576,0.41571428571428576,0.0,"GENE_2650,GENE_3983,GENE_2353,GENE_4169,GENE_3816,GENE_1602,GENE_4993"
DRUG_0232,0.37956503690279003,10,0.96,0.38999999999999996,0.38999999999999996,0.0,"GENE_3712,GENE_2409,GENE_948,GENE_2617,GENE_2193,GENE_2845,GENE_1143,GENE_936,GENE_4603,GENE_4570"
DRUG_0672,0.3792645165221794,6,0.91,0.365,0.365,0.0,"GENE_4361,GENE_4688,GENE_2157,GENE_4549,GENE_4360,GENE_1046"
DRUG_0114,0.37917192766881935,10,0.85,0.388,0.388,0.0,"GENE_1688,GENE_162,GENE_3932,GENE_1489,GENE_243,GENE_4959,GENE_3493,GENE_4496,GENE_3067,GENE_2133"
DRUG_0582,0.37865364995856815,6,0.92,0.36166666666666664,0.36166666666666664,0.0,"GENE_1472,GENE_4479,GENE_4822,GENE_1429,GENE_1561,GENE_4948"
DRUG_0167,0.3785426673659742,10,0.92,0.39099999999999996,0.39099999999999996,0.0,"GENE_2532,GENE_1519,GENE_3902,GENE_1009,GENE_2091,GENE_3461,GENE_230,GENE_4373,GENE_2614,GENE_781"
DRUG_0478,0.378317968179077,7,0.9,0.34285714285714286,0.34285714285714286,0.0,"GENE_1000,GENE_2836,GENE_297,GENE_2713,GENE_1392,GENE_2782,GENE_2644"
DRUG_0733,0.3769220241209226,3,0.82,0.3499999999999999,0.3499999999999999,0.0,"GENE_4306,GENE_3525,GENE_1869"
DRUG_0690,0.37667786930256086,7,0.9,0.39571428571428574,0.39571428571428574,0.0,"GENE_1192,GENE_4,GENE_2456,GENE_2573,GENE_2669,GENE_4923,GENE_592"
DRUG_0321,0.376598426670559,10,0.9,0.4130000000000001,0.4130000000000001,0.0,"GENE_882,GENE_3054,GENE_4206,GENE_2141,GENE_717,GENE_2953,GENE_2404,GENE_3610,GENE_268,GENE_3807"
DRUG_0377,0.3758730507421965,10,0.94,0.43100000000000005,0.43100000000000005,0.0,"GENE_3594,GENE_3162,GENE_4615,GENE_647,GENE_3727,GENE_2687,GENE_390,GENE_1420,GENE_1647,GENE_2939"
DRUG_0280,0.375698338460616,9,0.92,0.3622222222222222,0.3622222222222222,0.0,"GENE_719,GENE_3100,GENE_749,GENE_2966,GENE_798,GENE_4985,GENE_3244,GENE_3810,GENE_53"
DRUG_0755,0.37557091451562835,9,0.88,0.4322222222222222,0.4322222222222222,0.0,"GENE_1173,GENE_3391,GENE_3159,GENE_1020,GENE_1775,GENE_1085,GENE_615,GENE_2514,GENE_3007"
DRUG_0523,0.3755637505391029,6,0.93,0.37333333333333335,0.37333333333333335,0.0,"GENE_759,GENE_1990,GENE_1985,GENE_2176,GENE_2072,GENE_831"
DRUG_0260,0.3747443317909865,3,0.84,0.36666666666666664,0.36666666666666664,0.0,"GENE_2367,GENE_1803,GENE_363"
DRUG_0552,0.3745352888820336,5,0.85,0.384,0.384,0.0,"GENE_2899,GENE_1509,GENE_3517,GENE_3155,GENE_2728"
DRUG_0685,0.37393047054493067,7,0.9,0.2785714285714286,0.2785714285714286,0.0,"GENE_4467,GENE_1080,GENE_4135,GENE_2906,GENE_3821,GENE_2982,GENE_3254"
DRUG_0203,0.3729034519723534,5,0.8,0.384,0.384,0.0,"GENE_2256,GENE_4755,GENE_2131,GENE_655,GENE_3186"
DRUG_0238,0.3726780352624005,8,0.85,0.2825,0.2825,0.0,"GENE_1356,GENE_3060,GENE_3307,GENE_3293,GENE_1538,GENE_190,GENE_4114,GENE_238"
DRUG_0211,0.37229183108189595,9,0.86,0.3544444444444445,0.3544444444444445,0.0,"GENE_3684,GENE_3444,GENE_568,GENE_1605,GENE_4105,GENE_1740,GENE_2830,GENE_622,GENE_1289"
DRUG_0297,0.37228114352909386,7,0.86,0.2928571428571428,0.2928571428571428,0.0,"GENE_3475,GENE_1527,GENE_1956,GENE_1328,GENE_692,GENE_3483,GENE_1113"
DRUG_0794,0.37190590578369886,7,0.92,0.3328571428571428,0.3328571428571428,0.0,"GENE_1771,GENE_3418,GENE_1657,GENE_4873,GENE_3754,GENE_2707,GENE_706"
DRUG_0067,0.3718685725680484,9,0.86,0.4144444444444445,0.4144444444444445,0.0,"GENE_2865,GENE_2272,GENE_787,GENE_2620,GENE_3352,GENE_3584,GENE_2022,GENE_3211,GENE_3233"
DRUG_0768,0.3717367829429794,9,0.94,0.36,0.36,0.0,"GENE_1413,GENE_3843,GENE_3147,GENE_1704,GENE_2911,GENE_1968,GENE_2210,GENE_3501,GENE_248"
DRUG_0444,0.3717060388826599,10,0.96,0.319,0.319,0.0,"GENE_3995,GENE_854,GENE_3348,GENE_3521,GENE_3708,GENE_2231,GENE_4207,GENE_2246,GENE_2156,GENE_2445"
DRUG_0646,0.37142728099364336,7,0.92,0.3385714285714286,0.3385714285714286,0.0,"GENE_3550,GENE_2566,GENE_1624,GENE_473,GENE_2117,GENE_3410,GENE_4837"
DRUG_0643,0.3706667116139888,10,0.88,0.31599999999999995,0.31599999999999995,0.0,"GENE_4957,GENE_4965,GENE_2205,GENE_418,GENE_4378,GENE_377,GENE_2375,GENE_3026,GENE_576,GENE_2583"
DRUG_0400,0.3685757613068695,7,0.83,0.2928571428571428,0.2928571428571428,0.0,"GENE_3674,GENE_3216,GENE_3945,GENE_276,GENE_2693,GENE_1996,GENE_1468"
DRUG_0702,0.36782625162120786,5,0.81,0.362,0.362,0.0,"GENE_3140,GENE_4389,GENE_307,GENE_1327,GENE_1858"
DRUG_0386,0.367775362550703,5,0.81,0.37,0.37,0.0,"GENE_2302,GENE_1206,GENE_616,GENE_3239,GENE_1743"
DRUG_0713,0.3673888560489589,3,0.81,0.3466666666666667,0.3466666666666667,0.0,"GENE_3273,GENE_1447,GENE_4300"
DRUG_0710,0.3670575366737449,2,0.93,0.53,0.53,0.0,"GENE_3595,GENE_2427"
DRUG_0912,0.3666656103416521,6,0.88,0.3566666666666667,0.3566666666666667,0.0,"GENE_4783,GENE_1507,GENE_1948,GENE_4994,GENE_2824,GENE_2643"
DRUG_0795,0.36617902635862765,6,0.83,0.37000000000000005,0.37000000000000005,0.0,"GENE_683,GENE_563,GENE_2346,GENE_3983,GENE_494,GENE_4955"
DRUG_0851,0.365648160219518,10,0.83,0.366,0.366,0.0,"GENE_639,GENE_2744,GENE_3442,GENE_104,GENE_4804,GENE_126,GENE_958,GENE_674,GENE_421,GENE_3115"
DRUG_0235,0.3654493189021196,7,0.9,0.32142857142857145,0.32142857142857145,0.0,"GENE_1726,GENE_2903,GENE_3442,GENE_615,GENE_730,GENE_4083,GENE_1990"
DRUG_0095,0.3653059640434352,8,0.87,0.365,0.365,0.0,"GENE_4769,GENE_2700,GENE_1623,GENE_276,GENE_4236,GENE_2953,GENE_2131,GENE_1717"
DRUG_0326,0.36497305489986254,6,0.89,0.3666666666666667,0.3666666666666667,0.0,"GENE_2937,GENE_4064,GENE_4574,GENE_3199,GENE_3794,GENE_119"
DRUG_0298,0.3636802227052784,10,0.86,0.329,0.329,0.0,"GENE_920,GENE_251,GENE_2024,GENE_4972,GENE_1654,GENE_4731,GENE_4963,GENE_3858,GENE_4333,GENE_4464"
DRUG_0039,0.363593616345085,6,0.81,0.35333333333333333,0.35333333333333333,0.0,"GENE_4210,GENE_2875,GENE_2249,GENE_1996,GENE_3762,GENE_768"
DRUG_0419,0.36343992956542587,8,0.93,0.39125,0.39125,0.0,"GENE_301,GENE_1243,GENE_2945,GENE_4599,GENE_995,GENE_3433,GENE_1781,GENE_3744"
DRUG_0950,0.3615133844330878,5,0.92,0.4,0.4,0.0,"GENE_4965,GENE_2530,GENE_470,GENE_1704,GENE_1623"
DRUG_0288,0.36089510791003776,2,0.81,0.43000000000000005,0.43000000000000005,0.0,"GENE_1755,GENE_307"
DRUG_0680,0.3591549715048494,3,0.86,0.3666666666666667,0.3666666666666667,0.0,"GENE_2390,GENE_2732,GENE_4004"
DRUG_0902,0.3583915856966564,9,0.83,0.34777777777777774,0.34777777777777774,0.0,"GENE_1190,GENE_394,GENE_890,GENE_2327,GENE_3058,GENE_3970,GENE_3330,GENE_3067,GENE_3057"
DRUG_0530,0.3581316495341688,9,0.84,0.3466666666666667,0.3466666666666667,0.0,"GENE_1247,GENE_4487,GENE_4077,GENE_1074,GENE_1952,GENE_1906,GENE_635,GENE_2470,GENE_3558"
DRUG_0808,0.35757955924417445,8,0.84,0.35875,0.35875,0.0,"GENE_3744,GENE_4103,GENE_2135,GENE_2644,GENE_2887,GENE_967,GENE_505,GENE_4687"
DRUG_0163,0.3574434028732758,10,0.9,0.44000000000000006,0.44000000000000006,0.0,"GENE_3335,GENE_3455,GENE_629,GENE_4563,GENE_1626,GENE_964,GENE_2064,GENE_1749,GENE_4372,GENE_469"
DRUG_0458,0.3570343705728253,4,0.84,0.31999999999999995,0.31999999999999995,0.0,"GENE_3355,GENE_3033,GENE_894,GENE_3031"
DRUG_0480,0.3567381550078428,5,0.86,0.4,0.4,0.0,"GENE_4432,GENE_1322,GENE_930,GENE_4175,GENE_591"
DRUG_0245,0.35670130657400845,5,0.94,0.44399999999999995,0.44399999999999995,0.0,"GENE_1595,GENE_3081,GENE_2358,GENE_1100,GENE_3797"
DRUG_0383,0.3565103117404599,8,0.89,0.395,0.395,0.0,"GENE_2886,GENE_1381,GENE_4006,GENE_137,GENE_2544,GENE_4487,GENE_3837,GENE_1772"
DRUG_0130,0.3564804669475455,3,0.91,0.38999999999999996,0.38999999999999996,0.0,"GENE_726,GENE_3278,GENE_2248"
DRUG_0133,0.3559875537392916,2,0.8,0.48000000000000004,0.48000000000000004,0.0,"GENE_1382,GENE_2887"
DRUG_0347,0.3552400751612152,9,0.85,0.3455555555555556,0.3455555555555556,0.0,"GENE_1480,GENE_1667,GENE_4587,GENE_787,GENE_3663,GENE_1531,GENE_1440,GENE_1838,GENE_3629"
DRUG_0422,0.35497680606404486,7,0.85,0.4,0.4,0.0,"GENE_3224,GENE_2590,GENE_2994,GENE_3501,GENE_1201,GENE_2513,GENE_1178"
DRUG_0426,0.35457557459833455,6,0.84,0.345,0.345,0.0,"GENE_3260,GENE_529,GENE_4383,GENE_425,GENE_735,GENE_640"
DRUG_0228,0.35422613566368094,7,0.89,0.29857142857142854,0.29857142857142854,0.0,"GENE_2041,GENE_3029,GENE_3328,GENE_3971,GENE_2089,GENE_827,GENE_4005"
DRUG_0191,0.3539441616917169,6,0.8,0.335,0.335,0.0,"GENE_4596,GENE_3040,GENE_2774,GENE_2798,GENE_4331,GENE_2879"
DRUG_0914,0.35334054096894807,6,0.82,0.3433333333333333,0.3433333333333333,0.0,"GENE_3788,GENE_3052,GENE_1645,GENE_2418,GENE_73,GENE_2312"
DRUG_0389,0.35330819347781656,3,0.87,0.36000000000000004,0.36000000000000004,0.0,"GENE_2875,GENE_3860,GENE_176"
DRUG_0423,0.35298002014988455,5,0.88,0.272,0.272,0.0,"GENE_3495,GENE_4018,GENE_500,GENE_3739,GENE_4990"
DRUG_0916,0.35275732562299844,9,0.92,0.3411111111111111,0.3411111111111111,0.0,"GENE_2560,GENE_4776,GENE_3915,GENE_4837,GENE_4826,GENE_1883,GENE_135,GENE_4989,GENE_657"
DRUG_0240,0.3517201821590585,6,0.81,0.4416666666666667,0.4416666666666667,0.0,"GENE_533,GENE_4177,GENE_2069,GENE_3204,GENE_623,GENE_1976"
DRUG_0906,0.3512885446523721,6,0.88,0.3483333333333334,0.3483333333333334,0.0,"GENE_3559,GENE_2977,GENE_3563,GENE_3746,GENE_4340,GENE_4544"
DRUG_0292,0.34775903443378264,5,0.94,0.26399999999999996,0.26399999999999996,0.0,"GENE_1881,GENE_4650,GENE_3690,GENE_2858,GENE_3349"
DRUG_0593,0.3473108911745575,3,0.92,0.4166666666666667,0.4166666666666667,0.0,"GENE_2038,GENE_1975,GENE_3624"
DRUG_0094,0.34685896590118603,7,0.85,0.3242857142857143,0.3242857142857143,0.0,"GENE_535,GENE_4116,GENE_1619,GENE_2262,GENE_2736,GENE_407,GENE_1089"
DRUG_0520,0.3468402931648164,10,0.92,0.33099999999999996,0.33099999999999996,0.0,"GENE_934,GENE_230,GENE_568,GENE_2233,GENE_139,GENE_4459,GENE_1043,GENE_4554,GENE_4462,GENE_659"
DRUG_0911,0.3466135944414601,3,0.85,0.31666666666666665,0.31666666666666665,0.0,"GENE_1739,GENE_4692,GENE_2329"
DRUG_0434,0.3458249247158472,8,0.91,0.2975,0.2975,0.0,"GENE_2786,GENE_4565,GENE_3652,GENE_2308,GENE_227,GENE_1273,GENE_4314,GENE_4519"
DRUG_0123,0.3456496189527041,10,0.87,0.33,0.33,0.0,"GENE_3544,GENE_4337,GENE_3299,GENE_232,GENE_4530,GENE_4402,GENE_1275,GENE_2693,GENE_3396,GENE_3248"
DRUG_0307,0.3455944780537161,3,0.71,0.31,0.31,0.0,"GENE_3924,GENE_1578,GENE_2502"
DRUG_0760,0.3447035407457454,10,0.88,0.38,0.38,0.0,"GENE_264,GENE_3754,GENE_2729,GENE_3590,GENE_722,GENE_3459,GENE_2987,GENE_4296,GENE_2599,GENE_1548"
DRUG_0178,0.34430654227292157,9,0.91,0.3655555555555556,0.3655555555555556,0.0,"GENE_1201,GENE_894,GENE_4549,GENE_850,GENE_1583,GENE_2105,GENE_4299,GENE_1806,GENE_4358"
DRUG_0294,0.3436238432578495,3,0.86,0.3666666666666667,0.3666666666666667,0.0,"GENE_55,GENE_1834,GENE_1720"
DRUG_0882,0.34361191322511375,5,0.82,0.378,0.378,0.0,"GENE_4153,GENE_3819,GENE_893,GENE_3008,GENE_4912"
DRUG_0176,0.34332653651576706,6,0.78,0.32666666666666666,0.32666666666666666,0.0,"GENE_929,GENE_806,GENE_4356,GENE_3593,GENE_1458,GENE_1648"
DRUG_0565,0.343142799269974,10,0.97,0.336,0.336,0.0,"GENE_502,GENE_2494,GENE_684,GENE_4655,GENE_742,GENE_3479,GENE_2345,GENE_1861,GENE_1397,GENE_2584"
DRUG_0099,0.34272006625635837,8,0.8,0.35375,0.35375,0.0,"GENE_4881,GENE_1382,GENE_4735,GENE_1159,GENE_3194,GENE_1713,GENE_3424,GENE_3635"
DRUG_0900,0.34264709419768874,3,0.77,0.3333333333333333,0.3333333333333333,0.0,"GENE_2689,GENE_1307,GENE_2876"
DRUG_0442,0.3422515582920755,5,0.92,0.40800000000000003,0.40800000000000003,0.0,"GENE_1904,GENE_294,GENE_46,GENE_2616,GENE_3564"
DRUG_0054,0.34185473820379,9,0.9,0.3511111111111111,0.3511111111111111,0.0,"GENE_3276,GENE_3511,GENE_3401,GENE_3509,GENE_2893,GENE_352,GENE_3013,GENE_4087,GENE_226"
DRUG_0859,0.3414953339589311,8,0.9,0.3975,0.3975,0.0,"GENE_1504,GENE_3537,GENE_2454,GENE_4987,GENE_3570,GENE_4872,GENE_1672,GENE_3563"
DRUG_0111,0.34097801987013426,4,0.85,0.31,0.31,0.0,"GENE_3119,GENE_4053,GENE_3721,GENE_2891"
DRUG_0394,0.3409113856675829,8,0.93,0.39375,0.39375,0.0,"GENE_1936,GENE_176,GENE_3355,GENE_2569,GENE_3770,GENE_4062,GENE_1907,GENE_112"
DRUG_0939,0.34090069419387997,4,0.91,0.30000000000000004,0.30000000000000004,0.0,"GENE_3764,GENE_4060,GENE_3328,GENE_1940"
DRUG_0381,0.34044961559739273,3,0.8,0.32666666666666666,0.32666666666666666,0.0,"GENE_4128,GENE_1189,GENE_2177"
DRUG_0560,0.3403060852110407,6,0.83,0.3566666666666667,0.3566666666666667,0.0,"GENE_557,GENE_1335,GENE_1270,GENE_453,GENE_2213,GENE_1123"
DRUG_0697,0.340268966103345,9,0.98,0.36777777777777776,0.36777777777777776,0.0,"GENE_1224,GENE_2580,GENE_1955,GENE_746,GENE_1183,GENE_1787,GENE_4626,GENE_405,GENE_1993"
DRUG_0536,0.3397257881611906,9,0.87,0.35444444444444445,0.35444444444444445,0.0,"GENE_4949,GENE_1917,GENE_1840,GENE_4395,GENE_30,GENE_686,GENE_1939,GENE_3843,GENE_3244"
DRUG_0432,0.3396090778929999,4,0.76,0.295,0.295,0.0,"GENE_67,GENE_3699,GENE_189,GENE_3889"
DRUG_0579,0.3389769941228037,3,0.82,0.3566666666666667,0.3566666666666667,0.0,"GENE_1094,GENE_2727,GENE_2188"
DRUG_0802,0.3389691451797853,9,0.8,0.3433333333333333,0.3433333333333333,0.0,"GENE_1284,GENE_1651,GENE_3967,GENE_2591,GENE_2691,GENE_33,GENE_3120,GENE_4596,GENE_4782"
DRUG_0230,0.3386573792227,3,0.96,0.39999999999999997,0.39999999999999997,0.0,"GENE_4867,GENE_4891,GENE_1385"
DRUG_0313,0.3379096097420107,5,0.78,0.3,0.3,0.0,"GENE_4089,GENE_319,GENE_4351,GENE_4399,GENE_4170"
DRUG_0879,0.33649299076553946,2,0.8,0.44,0.44,0.0,"GENE_3242,GENE_3232"
DRUG_0261,0.33639253006199693,10,0.88,0.329,0.329,0.0,"GENE_53,GENE_194,GENE_3726,GENE_178,GENE_4001,GENE_1189,GENE_2074,GENE_1745,GENE_1813,GENE_2325"
DRUG_0920,0.3360266236036834,10,0.92,0.321,0.321,0.0,"GENE_2193,GENE_4225,GENE_2096,GENE_416,GENE_4452,GENE_3600,GENE_124,GENE_2399,GENE_2904,GENE_1709"
DRUG_0222,0.33556660735673416,5,0.9,0.376,0.376,0.0,"GENE_3071,GENE_1294,GENE_1077,GENE_2360,GENE_4284"
DRUG_0632,0.33525328169985325,5,0.89,0.402,0.402,0.0,"GENE_4918,GENE_151,GENE_2602,GENE_4758,GENE_620"
DRUG_0242,0.3344321447293787,9,0.84,0.3533333333333333,0.3533333333333333,0.0,"GENE_2202,GENE_908,GENE_3134,GENE_1912,GENE_4876,GENE_3875,GENE_127,GENE_60,GENE_4450"
DRUG_0020,0.3338437750934111,7,0.86,0.3085714285714286,0.3085714285714286,0.0,"GENE_2528,GENE_1990,GENE_739,GENE_2272,GENE_2208,GENE_4015,GENE_3726"
DRUG_0674,0.33333936592237196,10,0.86,0.33,0.33,0.0,"GENE_1881,GENE_4753,GENE_2785,GENE_1745,GENE_3378,GENE_1245,GENE_3862,GENE_115,GENE_1202,GENE_4210"
DRUG_0224,0.3332522190694028,5,0.86,0.39999999999999997,0.39999999999999997,0.0,"GENE_4320,GENE_2379,GENE_1379,GENE_2426,GENE_562"
DRUG_0283,0.3328379457383213,10,0.93,0.33100000000000007,0.33100000000000007,0.0,"GENE_611,GENE_1394,GENE_1251,GENE_4120,GENE_1972,GENE_1541,GENE_149,GENE_1751,GENE_618,GENE_3273"
DRUG_0561,0.3326672441097255,8,0.83,0.34750000000000003,0.34750000000000003,0.0,"GENE_1763,GENE_4250,GENE_3412,GENE_2105,GENE_2813,GENE_4458,GENE_2404,GENE_3787"
DRUG_0889,0.33235005278904617,6,0.87,0.35666666666666663,0.35666666666666663,0.0,"GENE_2436,GENE_860,GENE_1508,GENE_459,GENE_3110,GENE_4261"
DRUG_0001,0.3323237806440779,8,0.94,0.38625,0.38625,0.0,"GENE_979,GENE_635,GENE_311,GENE_917,GENE_1673,GENE_2407,GENE_1911,GENE_3833"
DRUG_0057,0.3309674172641326,9,0.93,0.33999999999999997,0.33999999999999997,0.0,"GENE_1202,GENE_860,GENE_2408,GENE_32,GENE_615,GENE_3211,GENE_4588,GENE_835,GENE_4464"
DRUG_0031,0.330808871031348,3,0.81,0.35333333333333333,0.35333333333333333,0.0,"GENE_2625,GENE_4950,GENE_4455"
DRUG_0046,0.33044822080285535,4,0.79,0.29000000000000004,0.29000000000000004,0.0,"GENE_531,GENE_3737,GENE_2527,GENE_1313"
DRUG_0506,0.3299669666257186,5,0.79,0.25400000000000006,0.25400000000000006,0.0,"GENE_996,GENE_3911,GENE_201,GENE_2049,GENE_1943"
DRUG_0219,0.329754781860612,7,0.9,0.3557142857142857,0.3557142857142857,0.0,"GENE_2656,GENE_1338,GENE_84,GENE_4390,GENE_1942,GENE_468,GENE_1459"
DRUG_0034,0.3296297507256965,4,0.9,0.28750000000000003,0.28750000000000003,0.0,"GENE_4540,GENE_905,GENE_3662,GENE_4643"
DRUG_0409,0.32919468634082105,9,0.81,0.30888888888888894,0.30888888888888894,0.0,"GENE_4449,GENE_4031,GENE_580,GENE_4244,GENE_2565,GENE_4273,GENE_1433,GENE_2623,GENE_4300"
DRUG_0528,0.32870476976446716,5,0.78,0.25800000000000006,0.25800000000000006,0.0,"GENE_3853,GENE_3741,GENE_2461,GENE_361,GENE_110"
DRUG_0720,0.3286256329779166,8,0.91,0.325,0.325,0.0,"GENE_1008,GENE_4811,GENE_3342,GENE_351,GENE_3272,GENE_477,GENE_3601,GENE_84"
DRUG_0583,0.32852669091411835,8,0.97,0.29750000000000004,0.29750000000000004,0.0,"GENE_2509,GENE_1390,GENE_138,GENE_3104,GENE_1374,GENE_4519,GENE_663,GENE_460"
DRUG_0273,0.3284599214296636,8,0.93,0.32125000000000004,0.32125000000000004,0.0,"GENE_3329,GENE_4328,GENE_2970,GENE_614,GENE_98,GENE_768,GENE_2307,GENE_1660"
DRUG_0491,0.3283868909615232,5,0.95,0.42000000000000004,0.42000000000000004,0.0,"GENE_1986,GENE_2428,GENE_3271,GENE_2620,GENE_4777"
DRUG_0809,0.3277779342994368,9,0.91,0.34777777777777774,0.34777777777777774,0.0,"GENE_1165,GENE_223,GENE_2812,GENE_355,GENE_579,GENE_233,GENE_3014,GENE_4444,GENE_659"
DRUG_0839,0.32775918706957563,6,0.95,0.3583333333333334,0.3583333333333334,0.0,"GENE_1106,GENE_3024,GENE_3214,GENE_3066,GENE_1384,GENE_3162"
DRUG_0554,0.3276701288940867,8,0.86,0.27125,0.27125,0.0,"GENE_4837,GENE_1089,GENE_2288,GENE_3155,GENE_547,GENE_2279,GENE_3903,GENE_4278"
DRUG_0367,0.32763112246697024,10,0.93,0.325,0.325,0.0,"GENE_1129,GENE_3685,GENE_1793,GENE_3306,GENE_3222,GENE_3939,GENE_4707,GENE_655,GENE_1781,GENE_3714"
DRUG_0193,0.32714414509471496,8,0.88,0.37875000000000003,0.37875000000000003,0.0,"GENE_4974,GENE_3617,GENE_1455,GENE_93,GENE_4087,GENE_531,GENE_4660,GENE_2545"
DRUG_0215,0.3265912590286512,3,0.84,0.33666666666666667,0.33666666666666667,0.0,"GENE_2218,GENE_2972,GENE_148"
DRUG_0155,0.3253724517762209,9,0.84,0.3288888888888889,0.3288888888888889,0.0,"GENE_1875,GENE_667,GENE_47,GENE_4861,GENE_1365,GENE_2694,GENE_1411,GENE_1030,GENE_4168"
DRUG_0455,0.32513082833698004,7,0.91,0.31142857142857144,0.31142857142857144,0.0,"GENE_4661,GENE_4842,GENE_943,GENE_1432,GENE_3918,GENE_3387,GENE_3437"
DRUG_0878,0.324554782894918,2,0.83,0.475,0.475,0.0,"GENE_418,GENE_4528"
DRUG_0888,0.3244525594290376,6,0.89,0.3516666666666666,0.3516666666666666,0.0,"GENE_3306,GENE_1172,GENE_1727,GENE_961,GENE_4228,GENE_2086"
DRUG_0948,0.3240270180256757,3,0.84,0.36999999999999994,0.36999999999999994,0.0,"GENE_873,GENE_1564,GENE_4362"
DRUG_0590,0.3227709919173743,5,0.88,0.382,0.382,0.0,"GENE_129,GENE_4689,GENE_1377,GENE_3520,GENE_1517"
DRUG_0474,0.322406006401525,4,0.83,0.30000000000000004,0.30000000000000004,0.0,"GENE_1619,GENE_1596,GENE_1006,GENE_1929"
DRUG_0828,0.3224017702273065,8,0.86,0.26875,0.26875,0.0,"GENE_2113,GENE_2403,GENE_3997,GENE_3417,GENE_779,GENE_2509,GENE_4074,GENE_237"
DRUG_0683,0.3219395687062673,6,0.87,0.3316666666666667,0.3316666666666667,0.0,"GENE_4544,GENE_1986,GENE_3509,GENE_998,GENE_4657,GENE_4378"
DRUG_0122,0.32147120248006905,3,0.89,0.3433333333333333,0.3433333333333333,0.0,"GENE_1254,GENE_1107,GENE_1674"
DRUG_0108,0.32092954702285864,5,0.95,0.40800000000000003,0.40800000000000003,0.0,"GENE_377,GENE_983,GENE_2724,GENE_473,GENE_4814"
DRUG_0258,0.3203531369660936,6,0.91,0.355,0.355,0.0,"GENE_2444,GENE_2879,GENE_122,GENE_4629,GENE_72,GENE_1201"
DRUG_0314,0.32024125498728445,8,0.87,0.29000000000000004,0.29000000000000004,0.0,"GENE_3044,GENE_3636,GENE_4975,GENE_2356,GENE_532,GENE_4236,GENE_2820,GENE_2109"
DRUG_0598,0.3198916794271157,7,0.88,0.29285714285714287,0.29285714285714287,0.0,"GENE_2312,GENE_2603,GENE_353,GENE_4828,GENE_843,GENE_4958,GENE_519"
DRUG_0255,0.31934146205724967,3,0.85,0.3433333333333333,0.3433333333333333,0.0,"GENE_3847,GENE_3524,GENE_140"
DRUG_0025,0.3189689860060292,9,0.83,0.3288888888888889,0.3288888888888889,0.0,"GENE_3705,GENE_1900,GENE_475,GENE_965,GENE_341,GENE_4324,GENE_2459,GENE_3356,GENE_644"
DRUG_0927,0.3180390493831719,3,0.86,0.36333333333333334,0.36333333333333334,0.0,"GENE_927,GENE_408,GENE_1287"
DRUG_0821,0.3178125914455123,7,0.81,0.3157142857142857,0.3157142857142857,0.0,"GENE_1850,GENE_3129,GENE_53,GENE_3753,GENE_295,GENE_1873,GENE_623"
DRUG_0157,0.3167973987878182,3,0.76,0.30333333333333334,0.30333333333333334,0.0,"GENE_896,GENE_2164,GENE_200"
DRUG_0198,0.3163918445320813,7,0.85,0.29857142857142854,0.29857142857142854,0.0,"GENE_4230,GENE_127,GENE_3317,GENE_2259,GENE_3413,GENE_4256,GENE_1574"
DRUG_0869,0.31634949446525223,6,0.9,0.3733333333333333,0.3733333333333333,0.0,"GENE_1393,GENE_2346,GENE_3751,GENE_2642,GENE_1547,GENE_920"
DRUG_0671,0.3162696844237547,5,0.71,0.26999999999999996,0.26999999999999996,0.0,"GENE_1991,GENE_1005,GENE_4609,GENE_1673,GENE_3983"
DRUG_0138,0.3156693873621284,7,0.82,0.30428571428571427,0.30428571428571427,0.0,"GENE_2896,GENE_2520,GENE_419,GENE_2435,GENE_4632,GENE_2727,GENE_2494"
DRUG_0947,0.3154648462533588,10,0.84,0.309,0.309,0.0,"GENE_1831,GENE_443,GENE_3606,GENE_1196,GENE_4981,GENE_3974,GENE_2095,GENE_2890,GENE_4065,GENE_2726"
DRUG_0237,0.3153071393252802,9,0.91,0.35444444444444445,0.35444444444444445,0.0,"GENE_4067,GENE_2444,GENE_2421,GENE_451,GENE_3532,GENE_701,GENE_3326,GENE_934,GENE_455"
DRUG_0233,0.3149579211817536,8,0.9,0.355,0.355,0.0,"GENE_427,GENE_4164,GENE_4658,GENE_1414,GENE_1812,GENE_2395,GENE_1770,GENE_746"
DRUG_0363,0.31437064326525055,8,0.88,0.2675,0.2675,0.0,"GENE_1567,GENE_3685,GENE_311,GENE_4325,GENE_4076,GENE_2947,GENE_1615,GENE_3030"
DRUG_0832,0.31346750206164065,10,0.87,0.38,0.38,0.0,"GENE_100,GENE_1435,GENE_1696,GENE_4370,GENE_654,GENE_162,GENE_4383,GENE_2181,GENE_529,GENE_583"
DRUG_0091,0.3119592731450531,6,0.91,0.375,0.375,0.0,"GENE_4190,GENE_1583,GENE_496,GENE_3189,GENE_2931,GENE_3863"
DRUG_0687,0.311639424501357,7,0.83,0.29714285714285715,0.29714285714285715,0.0,"GENE_3718,GENE_4945,GENE_1272,GENE_496,GENE_43,GENE_3805,GENE_3119"
DRUG_0463,0.3102059832065312,7,0.87,0.4142857142857143,0.4142857142857143,0.0,"GENE_3101,GENE_3366,GENE_3629,GENE_3118,GENE_2993,GENE_2704,GENE_738"
DRUG_0591,0.3098769857732507,8,0.76,0.27249999999999996,0.27249999999999996,0.0,"GENE_2264,GENE_1885,GENE_917,GENE_1964,GENE_1673,GENE_2605,GENE_4605,GENE_2577"
DRUG_0379,0.3090544808512168,10,0.88,0.323,0.323,0.0,"GENE_1303,GENE_4308,GENE_3167,GENE_112,GENE_745,GENE_3110,GENE_3791,GENE_1143,GENE_2221,GENE_2870"
DRUG_0995,0.30904089155511816,5,0.93,0.368,0.368,0.0,"GENE_3537,GENE_1308,GENE_4693,GENE_2548,GENE_3447"
DRUG_0118,0.30873812527262645,2,0.78,0.45,0.45,0.0,"GENE_3508,GENE_848"
DRUG_0524,0.30870534484331497,6,0.88,0.33,0.33,0.0,"GENE_4619,GENE_505,GENE_693,GENE_1451,GENE_3626,GENE_4256"
DRUG_0895,0.3083629553417911,4,0.92,0.335,0.335,0.0,"GENE_2294,GENE_2406,GENE_3002,GENE_2392"
DRUG_0271,0.3076571450262911,3,0.9,0.3933333333333333,0.3933333333333333,0.0,"GENE_1332,GENE_2985,GENE_1823"
DRUG_0142,0.30706382501632784,9,0.87,0.27555555555555555,0.27555555555555555,0.0,"GENE_2478,GENE_3210,GENE_4769,GENE_597,GENE_4190,GENE_4724,GENE_3709,GENE_2071,GENE_627"
DRUG_0654,0.3060724836626028,9,0.86,0.2544444444444445,0.2544444444444445,0.0,"GENE_3802,GENE_3700,GENE_970,GENE_3188,GENE_664,GENE_2587,GENE_1444,GENE_1629,GENE_148"
DRUG_0722,0.30526189987430763,7,0.86,0.2785714285714286,0.2785714285714286,0.0,"GENE_251,GENE_4544,GENE_2840,GENE_2972,GENE_4778,GENE_3944,GENE_2688"
DRUG_0336,0.3051727338647621,5,0.77,0.336,0.336,0.0,"GENE_2480,GENE_1350,GENE_1646,GENE_2258,GENE_4293"
DRUG_0208,0.3048585018326726,7,0.88,0.31714285714285717,0.31714285714285717,0.0,"GENE_1160,GENE_506,GENE_2909,GENE_3572,GENE_2846,GENE_783,GENE_4077"
DRUG_0684,0.3047759559019147,10,0.86,0.31599999999999995,0.31599999999999995,0.0,"GENE_1051,GENE_2739,GENE_247,GENE_753,GENE_3047,GENE_3834,GENE_3203,GENE_2935,GENE_939,GENE_1025"
DRUG_0529,0.30338073949270455,3,0.9,0.38000000000000006,0.38000000000000006,0.0,"GENE_4771,GENE_2713,GENE_584"
DRUG_0492,0.30313333018933736,6,0.9,0.3516666666666666,0.3516666666666666,0.0,"GENE_1211,GENE_4135,GENE_4257,GENE_578,GENE_3099,GENE_2930"
DRUG_0806,0.30290760509308223,6,0.88,0.345,0.345,0.0,"GENE_1974,GENE_3700,GENE_2476,GENE_4179,GENE_887,GENE_4034"
DRUG_0148,0.3019335081434226,5,0.84,0.21200000000000002,0.21200000000000002,0.0,"GENE_1819,GENE_2367,GENE_341,GENE_4192,GENE_4521"
DRUG_0109,0.3018073242718971,10,0.89,0.26,0.26,0.0,"GENE_2264,GENE_2507,GENE_2097,GENE_2297,GENE_4895,GENE_145,GENE_2082,GENE_4174,GENE_964,GENE_1942"
DRUG_0017,0.30169297675048173,3,0.81,0.3333333333333333,0.3333333333333333,0.0,"GENE_3023,GENE_4183,GENE_2848"
DRUG_0807,0.30115400593148334,4,0.77,0.275,0.275,0.0,"GENE_3057,GENE_330,GENE_1903,GENE_977"
DRUG_0353,0.29923377643776494,5,0.84,0.27799999999999997,0.27799999999999997,0.0,"GENE_1173,GENE_1359,GENE_1811,GENE_3559,GENE_2848"
DRUG_0804,0.2990904579284616,5,0.91,0.252,0.252,0.0,"GENE_3396,GENE_3559,GENE_3569,GENE_2349,GENE_3782"
DRUG_0135,0.2987481422336316,5,0.88,0.386,0.386,0.0,"GENE_4152,GENE_2606,GENE_1866,GENE_4481,GENE_4834"
DRUG_0201,0.29778042751005773,9,0.9,0.28777777777777774,0.28777777777777774,0.0,"GENE_3405,GENE_852,GENE_3559,GENE_516,GENE_2571,GENE_4116,GENE_4297,GENE_3226,GENE_3886"
DRUG_0267,0.2975301217397648,4,0.89,0.305,0.305,0.0,"GENE_4022,GENE_4788,GENE_2708,GENE_1769"
DRUG_0112,0.29686615361940005,3,0.79,0.32666666666666666,0.32666666666666666,0.0,"GENE_2059,GENE_1020,GENE_3143"
DRUG_0728,0.2966505947741397,5,0.89,0.4,0.4,0.0,"GENE_246,GENE_3770,GENE_1322,GENE_1199,GENE_1857"
DRUG_0107,0.29654690402385087,10,0.83,0.26999999999999996,0.26999999999999996,0.0,"GENE_828,GENE_197,GENE_973,GENE_1254,GENE_1391,GENE_3584,GENE_1786,GENE_3865,GENE_4530,GENE_1589"
DRUG_0854,0.29609707049710204,5,0.85,0.29,0.29,0.0,"GENE_3422,GENE_1739,GENE_3108,GENE_1446,GENE_868"
DRUG_0730,0.29550772979245904,8,0.89,0.27875,0.27875,0.0,"GENE_2405,GENE_1536,GENE_3057,GENE_2501,GENE_2917,GENE_1633,GENE_4888,GENE_3361"
DRUG_0126,0.29447559556278724,8,0.81,0.27375000000000005,0.27375000000000005,0.0,"GENE_1323,GENE_99,GENE_2849,GENE_559,GENE_3622,GENE_3738,GENE_981,GENE_291"
DRUG_0576,0.2943305373105556,7,0.85,0.2314285714285714,0.2314285714285714,0.0,"GENE_1935,GENE_4556,GENE_4455,GENE_4100,GENE_1022,GENE_1735,GENE_3677"
DRUG_0106,0.2940020536719409,10,0.86,0.263,0.263,0.0,"GENE_3102,GENE_4544,GENE_3429,GENE_4157,GENE_2715,GENE_1552,GENE_3157,GENE_1409,GENE_4048,GENE_1421"
DRUG_0337,0.2935280713334249,5,0.8,0.374,0.374,0.0,"GENE_1965,GENE_2291,GENE_4711,GENE_1983,GENE_3790"
DRUG_0129,0.29347232385542,4,0.85,0.295,0.295,0.0,"GENE_1581,GENE_3595,GENE_4036,GENE_1922"
DRUG_0613,0.2926404175767955,9,0.86,0.23777777777777775,0.23777777777777775,0.0,"GENE_482,GENE_1272,GENE_3639,GENE_735,GENE_1852,GENE_2022,GENE_31,GENE_2225,GENE_1906"
DRUG_0759,0.2922991177414584,8,0.9,0.29625,0.29625,0.0,"GENE_4831,GENE_2392,GENE_1023,GENE_1035,GENE_3659,GENE_812,GENE_395,GENE_3088"
DRUG_0089,0.2910334499466693,5,0.83,0.21000000000000002,0.21000000000000002,0.0,"GENE_2542,GENE_1527,GENE_1278,GENE_2481,GENE_4261"
DRUG_0029,0.2904451817847481,5,0.86,0.366,0.366,0.0,"GENE_237,GENE_3007,GENE_2113,GENE_547,GENE_4516"
DRUG_0943,0.2900483513044053,9,0.82,0.2755555555555556,0.2755555555555556,0.0,"GENE_4851,GENE_119,GENE_838,GENE_4604,GENE_2915,GENE_1341,GENE_171,GENE_4089,GENE_4959"
DRUG_0666,0.289899969217616,10,0.86,0.24300000000000002,0.24300000000000002,0.0,"GENE_3227,GENE_4856,GENE_2509,GENE_1009,GENE_3479,GENE_3457,GENE_4430,GENE_323,GENE_464,GENE_2844"
DRUG_0991,0.28947335037563576,3,0.88,0.3566666666666667,0.3566666666666667,0.0,"GENE_1542,GENE_452,GENE_1200"
DRUG_0817,0.28903829851116286,3,0.8,0.3166666666666667,0.3166666666666667,0.0,"GENE_83,GENE_4770,GENE_4329"
DRUG_0698,0.2870944810673996,10,0.94,0.263,0.263,0.0,"GENE_1863,GENE_4163,GENE_4540,GENE_3192,GENE_3818,GENE_2724,GENE_4064,GENE_3982,GENE_2900,GENE_3770"
DRUG_0064,0.2861262523719972,8,0.98,0.3175,0.3175,0.0,"GENE_2461,GENE_1706,GENE_2580,GENE_4242,GENE_2044,GENE_4481,GENE_4815,GENE_2019"
DRUG_0035,0.28568977026555825,4,0.76,0.2875,0.2875,0.0,"GENE_2555,GENE_2550,GENE_3414,GENE_3478"
DRUG_0714,0.2833553014134853,6,0.88,0.23,0.23,0.0,"GENE_1737,GENE_399,GENE_1847,GENE_4694,GENE_422,GENE_1943"
DRUG_0816,0.2820613106743247,6,0.93,0.2466666666666667,0.2466666666666667,0.0,"GENE_2981,GENE_2182,GENE_3090,GENE_2548,GENE_1146,GENE_457"
DRUG_0689,0.2820602642827179,9,0.93,0.36,0.36,0.0,"GENE_2970,GENE_2791,GENE_1609,GENE_214,GENE_4831,GENE_4085,GENE_4115,GENE_4570,GENE_2025"
DRUG_0518,0.2816859245098377,9,0.83,0.26,0.26,0.0,"GENE_3169,GENE_3756,GENE_4728,GENE_142,GENE_4955,GENE_3907,GENE_4635,GENE_4147,GENE_2331"
DRUG_0070,0.28150241528641934,10,0.83,0.252,0.252,0.0,"GENE_2350,GENE_4065,GENE_1072,GENE_3840,GENE_2160,GENE_4855,GENE_3924,GENE_3955,GENE_4048,GENE_4790"
DRUG_0519,0.28120865942791856,7,0.93,0.34714285714285714,0.34714285714285714,0.0,"GENE_2803,GENE_1064,GENE_2765,GENE_3272,GENE_149,GENE_2404,GENE_2300"
DRUG_0169,0.28001217442245835,6,0.96,0.225,0.225,0.0,"GENE_4522,GENE_2589,GENE_216,GENE_542,GENE_3301,GENE_1656"
DRUG_0438,0.2796376779550989,8,0.8,0.265,0.265,0.0,"GENE_2502,GENE_2002,GENE_4721,GENE_410,GENE_3500,GENE_4529,GENE_1269,GENE_2316"
DRUG_0187,0.27960873376792755,7,0.84,0.24714285714285714,0.24714285714285714,0.0,"GENE_2499,GENE_2102,GENE_2710,GENE_3200,GENE_808,GENE_3201,GENE_2350"
DRUG_0413,0.2795919275490581,5,0.84,0.246,0.246,0.0,"GENE_159,GENE_4568,GENE_2856,GENE_4821,GENE_3101"
DRUG_0896,0.27846075579225826,6,0.78,0.225,0.225,0.0,"GENE_3852,GENE_1992,GENE_3915,GENE_3907,GENE_2651,GENE_1376"
DRUG_0962,0.2755138674065615,10,0.81,0.263,0.263,0.0,"GENE_4891,GENE_1468,GENE_4910,GENE_700,GENE_3978,GENE_1711,GENE_2183,GENE_393,GENE_3102,GENE_84"
DRUG_0007,0.2744564494652279,7,0.82,0.2914285714285715,0.2914285714285715,0.0,"GENE_2557,GENE_661,GENE_4721,GENE_2982,GENE_4418,GENE_1156,GENE_3127"
DRUG_0780,0.27381507399810756,4,0.84,0.29250000000000004,0.29250000000000004,0.0,"GENE_4674,GENE_1359,GENE_3073,GENE_1215"
DRUG_0011,0.2727113806276038,10,0.85,0.257,0.257,0.0,"GENE_309,GENE_3266,GENE_1944,GENE_28,GENE_4811,GENE_2912,GENE_3673,GENE_2556,GENE_2380,GENE_3630"
DRUG_0631,0.27162796604882183,9,0.88,0.2766666666666666,0.2766666666666666,0.0,"GENE_3361,GENE_1717,GENE_242,GENE_1462,GENE_1177,GENE_4193,GENE_598,GENE_2815,GENE_3252"
DRUG_0418,0.2711066556657758,5,0.85,0.278,0.278,0.0,"GENE_4505,GENE_1621,GENE_1333,GENE_1927,GENE_3098"
DRUG_0361,0.27052433626688144,7,0.88,0.29571428571428576,0.29571428571428576,0.0,"GENE_2303,GENE_3956,GENE_4978,GENE_2973,GENE_1107,GENE_2411,GENE_1498"
DRUG_0953,0.26930453176378877,5,0.87,0.248,0.248,0.0,"GENE_8,GENE_1240,GENE_3685,GENE_4540,GENE_1281"
DRUG_0589,0.26930073397555754,6,0.95,0.375,0.375,0.0,"GENE_1274,GENE_2770,GENE_4773,GENE_4247,GENE_2079,GENE_1544"
DRUG_0923,0.26793086073852446,9,0.87,0.2588888888888889,0.2588888888888889,0.0,"GENE_123,GENE_4299,GENE_4928,GENE_4841,GENE_1875,GENE_3179,GENE_471,GENE_1251,GENE_4837"
DRUG_0842,0.2670255595427893,7,0.89,0.22285714285714286,0.22285714285714286,0.0,"GENE_2461,GENE_224,GENE_4156,GENE_3807,GENE_4560,GENE_2104,GENE_1817"
DRUG_0603,0.26689902973319535,10,0.91,0.29500000000000004,0.29500000000000004,0.0,"GENE_808,GENE_4391,GENE_4792,GENE_4257,GENE_1001,GENE_1717,GENE_527,GENE_3762,GENE_4444,GENE_1470"
DRUG_0371,0.26528110672416094,8,0.88,0.38125000000000003,0.38125000000000003,0.0,"GENE_1787,GENE_3923,GENE_1191,GENE_1032,GENE_4986,GENE_2934,GENE_389,GENE_34"
DRUG_0319,0.2645600006021451,7,0.78,0.22,0.22,0.0,"GENE_2996,GENE_249,GENE_368,GENE_1626,GENE_4532,GENE_3535,GENE_1220"
DRUG_0783,0.2641388392574724,7,0.79,0.2285714285714286,0.2285714285714286,0.0,"GENE_1663,GENE_1827,GENE_4980,GENE_3781,GENE_2699,GENE_194,GENE_1999"
DRUG_0453,0.26375901493237325,9,0.9,0.2811111111111111,0.2811111111111111,0.0,"GENE_1086,GENE_335,GENE_4698,GENE_4953,GENE_2914,GENE_217,GENE_1681,GENE_2073,GENE_4898"
DRUG_0345,0.2635769077992709,7,0.8,0.3,0.3,0.0,"GENE_2343,GENE_577,GENE_2017,GENE_4396,GENE_3270,GENE_4511,GENE_4395"
DRUG_0595,0.26309081166339654,5,0.69,0.22000000000000003,0.22000000000000003,0.0,"GENE_2236,GENE_3395,GENE_1925,GENE_2866,GENE_3114"
DRUG_0926,0.2628272403586304,8,0.86,0.27249999999999996,0.27249999999999996,0.0,"GENE_4345,GENE_1822,GENE_2026,GENE_1322,GENE_3528,GENE_1532,GENE_2333,GENE_1008"
DRUG_0616,0.26254034373789786,7,0.82,0.2957142857142857,0.2957142857142857,0.0,"GENE_114,GENE_3632,GENE_3060,GENE_906,GENE_1721,GENE_4670,GENE_4279"
DRUG_0867,0.2613602526824926,9,0.85,0.32999999999999996,0.32999999999999996,0.0,"GENE_722,GENE_4639,GENE_3904,GENE_4296,GENE_2924,GENE_372,GENE_3982,GENE_1216,GENE_3220"
DRUG_0380,0.26,1,0.26,0.26,0.26,0.0,GENE_768
DRUG_0073,0.2577184044059011,10,0.92,0.32300000000000006,0.32300000000000006,0.0,"GENE_195,GENE_3858,GENE_1431,GENE_1783,GENE_1859,GENE_4550,GENE_3448,GENE_4918,GENE_4299,GENE_218"
DRUG_0957,0.2572636127063627,7,0.82,0.23428571428571426,0.23428571428571426,0.0,"GENE_4153,GENE_4613,GENE_4559,GENE_42,GENE_1871,GENE_3377,GENE_3738"
DRUG_0197,0.2570318174931319,8,0.81,0.26375000000000004,0.26375000000000004,0.0,"GENE_112,GENE_922,GENE_1689,GENE_823,GENE_619,GENE_3490,GENE_4547,GENE_3018"
DRUG_0796,0.2567111384456168,5,0.79,0.24800000000000005,0.24800000000000005,0.0,"GENE_1823,GENE_4122,GENE_1130,GENE_3898,GENE_1766"
DRUG_0781,0.25608421043005136,6,0.89,0.24,0.24,0.0,"GENE_1552,GENE_1565,GENE_3737,GENE_3078,GENE_2355,GENE_4561"
DRUG_0609,0.25560698360025924,10,0.89,0.24700000000000003,0.24700000000000003,0.0,"GENE_2475,GENE_3569,GENE_4424,GENE_992,GENE_4691,GENE_2199,GENE_3434,GENE_2905,GENE_3800,GENE_2953"
DRUG_0955,0.2542900949802571,9,0.89,0.2588888888888889,0.2588888888888889,0.0,"GENE_2625,GENE_3051,GENE_4303,GENE_4646,GENE_2833,GENE_4256,GENE_4212,GENE_2411,GENE_3889"
DRUG_0146,0.2533856142566576,9,0.88,0.33666666666666667,0.33666666666666667,0.0,"GENE_2509,GENE_2241,GENE_3493,GENE_3368,GENE_3619,GENE_3272,GENE_4358,GENE_4440,GENE_4852"
DRUG_0782,0.25291363440805154,9,0.86,0.2511111111111111,0.2511111111111111,0.0,"GENE_1098,GENE_4848,GENE_4765,GENE_3542,GENE_2005,GENE_456,GENE_498,GENE_1169,GENE_65"
DRUG_0715,0.25153867711180133,8,0.81,0.21000000000000002,0.21000000000000002,0.0,"GENE_1815,GENE_1175,GENE_2484,GENE_4070,GENE_4279,GENE_1289,GENE_2779,GENE_3599"
DRUG_0907,0.25114027306342973,6,0.92,0.25333333333333335,0.25333333333333335,0.0,"GENE_3705,GENE_4341,GENE_4577,GENE_4138,GENE_972,GENE_3595"
DRUG_0801,0.2509828636334025,6,0.93,0.3383333333333334,0.3383333333333334,0.0,"GENE_3917,GENE_350,GENE_3512,GENE_2702,GENE_3862,GENE_614"
DRUG_0179,0.25087618094009095,8,0.86,0.23375,0.23375,0.0,"GENE_3227,GENE_2038,GENE_4560,GENE_1151,GENE_3163,GENE_3219,GENE_2479,GENE_1439"
DRUG_0838,0.25072597777589806,4,0.8,0.245,0.245,0.0,"GENE_3357,GENE_2752,GENE_4814,GENE_1983"
DRUG_0059,0.24722352335877812,3,0.84,0.3466666666666667,0.3466666666666667,0.0,"GENE_3503,GENE_236,GENE_4603"
DRUG_0368,0.24675453267556546,9,0.79,0.24111111111111116,0.24111111111111116,0.0,"GENE_2765,GENE_220,GENE_4430,GENE_1519,GENE_1665,GENE_4319,GENE_1109,GENE_2131,GENE_3407"
DRUG_0994,0.24569325004407008,6,0.87,0.19500000000000003,0.19500000000000003,0.0,"GENE_1470,GENE_4449,GENE_1577,GENE_348,GENE_2906,GENE_2184"
DRUG_0858,0.24497167898652164,9,0.85,0.2833333333333333,0.2833333333333333,0.0,"GENE_3410,GENE_821,GENE_914,GENE_2885,GENE_2454,GENE_3924,GENE_4146,GENE_754,GENE_4798"
DRUG_0827,0.2448383478946538,5,0.84,0.2899999999999999,0.2899999999999999,0.0,"GENE_1953,GENE_2357,GENE_3003,GENE_819,GENE_3458"
DRUG_0037,0.24365995368881987,5,0.85,0.23400000000000004,0.23400000000000004,0.0,"GENE_66,GENE_4609,GENE_3680,GENE_4973,GENE_659"
DRUG_0725,0.24323966512926268,6,0.88,0.22500000000000006,0.22500000000000006,0.0,"GENE_4824,GENE_1233,GENE_498,GENE_707,GENE_2779,GENE_3471"
DRUG_0665,0.24298524711596015,10,0.91,0.254,0.254,0.0,"GENE_1158,GENE_1087,GENE_4284,GENE_2527,GENE_724,GENE_1583,GENE_4119,GENE_2834,GENE_43,GENE_2875"
DRUG_0469,0.24227706290192164,5,0.9,0.23000000000000004,0.23000000000000004,0.0,"GENE_1886,GENE_118,GENE_3634,GENE_2374,GENE_2032"
DRUG_0930,0.2410968423044178,4,0.85,0.30500000000000005,0.30500000000000005,0.0,"GENE_1767,GENE_815,GENE_2924,GENE_3590"
DRUG_0719,0.24108567576084053,9,0.87,0.2688888888888889,0.2688888888888889,0.0,"GENE_4532,GENE_4044,GENE_927,GENE_3175,GENE_4028,GENE_405,GENE_978,GENE_3060,GENE_1468"
DRUG_0612,0.2407232401038923,6,0.8,0.225,0.225,0.0,"GENE_209,GENE_1172,GENE_4609,GENE_879,GENE_4044,GENE_991"
DRUG_0791,0.24,1,0.24,0.24,0.24,0.0,GENE_3646
DRUG_0212,0.23976947049812203,9,0.84,0.25555555555555554,0.25555555555555554,0.0,"GENE_4168,GENE_544,GENE_4148,GENE_4897,GENE_2619,GENE_4281,GENE_1769,GENE_1815,GENE_2696"
DRUG_0779,0.2395065393528906,4,0.74,0.2975,0.2975,0.0,"GENE_2939,GENE_4380,GENE_4457,GENE_4030"
DRUG_0861,0.23945080567354957,3,0.75,0.32333333333333336,0.32333333333333336,0.0,"GENE_2465,GENE_734,GENE_2117"
DRUG_0863,0.23792098892359725,6,0.81,0.23666666666666666,0.23666666666666666,0.0,"GENE_2431,GENE_18,GENE_585,GENE_14,GENE_641,GENE_2523"
DRUG_0009,0.23717822307008884,5,0.8,0.26199999999999996,0.26199999999999996,0.0,"GENE_1640,GENE_2073,GENE_1029,GENE_300,GENE_982"
DRUG_0352,0.23587167458717365,8,0.86,0.27375000000000005,0.27375000000000005,0.0,"GENE_637,GENE_910,GENE_783,GENE_1794,GENE_2822,GENE_2877,GENE_2166,GENE_1652"
DRUG_0978,0.23516327366114345,6,0.81,0.2383333333333333,0.2383333333333333,0.0,"GENE_34,GENE_3776,GENE_1126,GENE_4162,GENE_3937,GENE_2581"
DRUG_0910,0.23515926062790743,6,0.89,0.25333333333333335,0.25333333333333335,0.0,"GENE_2870,GENE_799,GENE_3426,GENE_809,GENE_2436,GENE_2593"
DRUG_0572,0.23492882291380596,10,0.86,0.238,0.238,0.0,"GENE_3025,GENE_1201,GENE_2395,GENE_3446,GENE_2535,GENE_2480,GENE_1317,GENE_3995,GENE_1353,GENE_4528"
DRUG_0305,0.23447152478399455,6,0.86,0.24833333333333332,0.24833333333333332,0.0,"GENE_2525,GENE_2562,GENE_1799,GENE_100,GENE_2966,GENE_3083"
DRUG_0645,0.23328284307575514,8,0.81,0.2725,0.2725,0.0,"GENE_1291,GENE_4160,GENE_3309,GENE_1063,GENE_864,GENE_455,GENE_1573,GENE_3226"
DRUG_0815,0.2327706142977953,6,0.8,0.23,0.23,0.0,"GENE_1538,GENE_2912,GENE_2738,GENE_1904,GENE_4222,GENE_4117"
DRUG_0008,0.2313368582955378,7,0.8,0.19714285714285712,0.19714285714285712,0.0,"GENE_3571,GENE_4504,GENE_1974,GENE_669,GENE_1591,GENE_4389,GENE_4004"
DRUG_0586,0.2299430100362029,9,0.78,0.25111111111111106,0.25111111111111106,0.0,"GENE_4116,GENE_4537,GENE_44,GENE_3721,GENE_744,GENE_3699,GENE_285,GENE_4591,GENE_2230"
DRUG_0416,0.22945021150917524,6,0.87,0.21833333333333335,0.21833333333333335,0.0,"GENE_2513,GENE_3225,GENE_249,GENE_985,GENE_2457,GENE_3314"
DRUG_0935,0.2288176557515174,7,0.92,0.21285714285714288,0.21285714285714288,0.0,"GENE_1092,GENE_605,GENE_22,GENE_4339,GENE_4817,GENE_2261,GENE_1472"
DRUG_0542,0.22809152073285838,5,0.86,0.22800000000000004,0.22800000000000004,0.0,"GENE_4882,GENE_1109,GENE_4901,GENE_4700,GENE_4091"
DRUG_0058,0.22783617596049313,4,0.81,0.2925,0.2925,0.0,"GENE_3683,GENE_4433,GENE_1776,GENE_1094"
DRUG_0502,0.2274565509990724,6,0.8,0.22999999999999998,0.22999999999999998,0.0,"GENE_954,GENE_2284,GENE_3819,GENE_1502,GENE_4965,GENE_208"
DRUG_0885,0.22657246004959733,9,0.81,0.2,0.2,0.0,"GENE_4953,GENE_1618,GENE_3039,GENE_613,GENE_3397,GENE_3780,GENE_283,GENE_539,GENE_990"
DRUG_0018,0.2264164355878464,6,0.85,0.22833333333333336,0.22833333333333336,0.0,"GENE_3791,GENE_2020,GENE_3486,GENE_4854,GENE_2525,GENE_466"
DRUG_0286,0.22615947649449344,8,0.85,0.28125,0.28125,0.0,"GENE_618,GENE_4422,GENE_1012,GENE_139,GENE_4639,GENE_1390,GENE_3256,GENE_3401"
DRUG_0406,0.22552979098125564,6,0.86,0.2483333333333333,0.2483333333333333,0.0,"GENE_482,GENE_4682,GENE_4559,GENE_500,GENE_3052,GENE_1062"
DRUG_0147,0.2233304152362689,4,0.74,0.2825,0.2825,0.0,"GENE_4632,GENE_849,GENE_2192,GENE_2017"
DRUG_0084,0.222751279414785,8,0.9,0.19125000000000003,0.19125000000000003,0.0,"GENE_503,GENE_553,GENE_214,GENE_4699,GENE_4845,GENE_3557,GENE_2314,GENE_3333"
DRUG_0154,0.22226965671373022,10,0.83,0.257,0.257,0.0,"GENE_2043,GENE_2691,GENE_1644,GENE_2943,GENE_1613,GENE_131,GENE_1895,GENE_3826,GENE_4989,GENE_2532"
DRUG_0188,0.21908462489992664,8,0.84,0.27375,0.27375,0.0,"GENE_773,GENE_3843,GENE_2532,GENE_1041,GENE_4619,GENE_2311,GENE_2930,GENE_3078"
DRUG_0482,0.21876628592765276,3,0.84,0.29,0.29,0.0,"GENE_2665,GENE_3168,GENE_1696"
DRUG_0405,0.21807456980805442,8,0.85,0.18,0.18,0.0,"GENE_3714,GENE_98,GENE_1894,GENE_591,GENE_4874,GENE_1612,GENE_2377,GENE_2275"
DRUG_0166,0.21786192817453623,5,0.94,0.27399999999999997,0.27399999999999997,0.0,"GENE_1484,GENE_1712,GENE_2382,GENE_1730,GENE_3200"
DRUG_0938,0.2154877520204683,4,0.77,0.2775,0.2775,0.0,"GENE_1833,GENE_157,GENE_1408,GENE_1391"
DRUG_0396,0.21506955884294798,6,0.86,0.255,0.255,0.0,"GENE_519,GENE_3825,GENE_2051,GENE_3659,GENE_4597,GENE_1133"
DRUG_0756,0.21459118956809373,4,0.9,0.2725,0.2725,0.0,"GENE_3661,GENE_2021,GENE_1263,GENE_840"
DRUG_0836,0.2132222898737709,5,0.86,0.252,0.252,0.0,"GENE_4927,GENE_4207,GENE_4005,GENE_3659,GENE_3543"
DRUG_0299,0.21275556298913567,8,0.86,0.19624999999999998,0.19624999999999998,0.0,"GENE_4151,GENE_2754,GENE_3456,GENE_3095,GENE_2024,GENE_1023,GENE_4265,GENE_2780"
DRUG_0392,0.21217028565004084,6,0.7,0.17,0.17,0.0,"GENE_880,GENE_804,GENE_2692,GENE_2571,GENE_196,GENE_2036"
DRUG_0388,0.21157694719268927,8,0.85,0.195,0.195,0.0,"GENE_686,GENE_2608,GENE_1606,GENE_1105,GENE_1084,GENE_3408,GENE_1610,GENE_4715"
DRUG_0373,0.21,1,0.21,0.21,0.21,0.0,GENE_871
DRUG_0151,0.20977368586951547,7,0.92,0.21428571428571427,0.21428571428571427,0.0,"GENE_1101,GENE_4693,GENE_2566,GENE_3423,GENE_730,GENE_2078,GENE_2732"
DRUG_0332,0.2090941740177988,4,0.82,0.2875,0.2875,0.0,"GENE_3626,GENE_3872,GENE_1280,GENE_2534"
DRUG_0451,0.20819911161175375,8,0.88,0.21125,0.21125,0.0,"GENE_4558,GENE_3850,GENE_768,GENE_1083,GENE_1303,GENE_3056,GENE_1619,GENE_2086"
DRUG_0431,0.20711853819934908,9,0.8,0.2755555555555556,0.2755555555555556,0.0,"GENE_2298,GENE_861,GENE_4154,GENE_4048,GENE_348,GENE_4711,GENE_4138,GENE_3437,GENE_4086"
DRUG_0503,0.20464605629557311,9,0.83,0.1888888888888889,0.1888888888888889,0.0,"GENE_736,GENE_3010,GENE_1230,GENE_1165,GENE_3462,GENE_2536,GENE_1946,GENE_2156,GENE_3499"
DRUG_0620,0.2046321854621742,4,0.77,0.2725,0.2725,0.0,"GENE_4415,GENE_3723,GENE_4591,GENE_640"
DRUG_0716,0.2033869267352434,5,0.89,0.22800000000000004,0.22800000000000004,0.0,"GENE_4433,GENE_135,GENE_2702,GENE_2655,GENE_3275"
DRUG_0195,0.20249695073597743,7,0.91,0.20571428571428574,0.20571428571428574,0.0,"GENE_4476,GENE_4502,GENE_2676,GENE_298,GENE_4253,GENE_3349,GENE_4234"
DRUG_0105,0.2024205040836977,6,0.78,0.18000000000000002,0.18000000000000002,0.0,"GENE_1220,GENE_3786,GENE_226,GENE_4598,GENE_2787,GENE_2457"
DRUG_0262,0.19891742455356692,10,0.81,0.179,0.179,0.0,"GENE_4183,GENE_2108,GENE_15,GENE_1859,GENE_3053,GENE_1334,GENE_860,GENE_4594,GENE_1349,GENE_3437"
DRUG_0694,0.19691655285530316,9,0.82,0.17555555555555558,0.17555555555555558,0.0,"GENE_1573,GENE_2373,GENE_1464,GENE_2786,GENE_3325,GENE_423,GENE_3356,GENE_3473,GENE_3352"
DRUG_0515,0.1968557905486077,6,0.84,0.20833333333333337,0.20833333333333337,0.0,"GENE_370,GENE_3128,GENE_2261,GENE_3220,GENE_386,GENE_2876"
DRUG_0942,0.1963853698924577,9,0.86,0.17444444444444443,0.17444444444444443,0.0,"GENE_4757,GENE_3042,GENE_2567,GENE_1519,GENE_4635,GENE_4072,GENE_4426,GENE_1442,GENE_1148"
DRUG_0679,0.19585694358083827,5,0.84,0.22800000000000004,0.22800000000000004,0.0,"GENE_453,GENE_131,GENE_2540,GENE_3845,GENE_4974"
DRUG_0369,0.19542623499519524,6,0.69,0.21166666666666667,0.21166666666666667,0.0,"GENE_998,GENE_15,GENE_3114,GENE_132,GENE_4065,GENE_707"
DRUG_0124,0.19510931590758412,9,0.81,0.18000000000000002,0.18000000000000002,0.0,"GENE_443,GENE_2810,GENE_3522,GENE_2647,GENE_335,GENE_1565,GENE_2415,GENE_4368,GENE_3678"
DRUG_0933,0.19389536962406417,7,0.9,0.23714285714285716,0.23714285714285716,0.0,"GENE_517,GENE_4165,GENE_3410,GENE_337,GENE_1519,GENE_384,GENE_4066"
DRUG_0841,0.19348748353660333,7,0.83,0.2057142857142857,0.2057142857142857,0.0,"GENE_4287,GENE_3231,GENE_3579,GENE_55,GENE_787,GENE_1187,GENE_3177"
DRUG_0411,0.19206446993144677,7,0.74,0.1842857142857143,0.1842857142857143,0.0,"GENE_1610,GENE_4345,GENE_4237,GENE_3714,GENE_47,GENE_2788,GENE_1841"
DRUG_0269,0.19206075969302022,8,0.88,0.16125,0.16125,0.0,"GENE_507,GENE_4033,GENE_3539,GENE_3739,GENE_4942,GENE_3147,GENE_3562,GENE_349"
DRUG_0630,0.19172972063765442,7,0.89,0.19714285714285712,0.19714285714285712,0.0,"GENE_1053,GENE_670,GENE_1240,GENE_2451,GENE_4716,GENE_2821,GENE_563"
DRUG_0969,0.19023924114124316,5,0.82,0.242,0.242,0.0,"GENE_5,GENE_4477,GENE_770,GENE_2652,GENE_4368"
DRUG_0276,0.19,1,0.19,0.19,0.19,0.0,GENE_3392
DRUG_0840,0.1872914846805876,10,0.86,0.248,0.248,0.0,"GENE_1568,GENE_550,GENE_144,GENE_3155,GENE_1552,GENE_4215,GENE_4644,GENE_2192,GENE_4752,GENE_3198"
DRUG_0330,0.18704030504390473,8,0.82,0.16249999999999998,0.16249999999999998,0.0,"GENE_208,GENE_2067,GENE_517,GENE_2813,GENE_4167,GENE_3640,GENE_3775,GENE_646"
DRUG_0981,0.18495774976855428,5,0.86,0.25200000000000006,0.25200000000000006,0.0,"GENE_4894,GENE_2020,GENE_4189,GENE_2836,GENE_2388"
DRUG_0158,0.1847575872601196,6,0.8,0.21333333333333335,0.21333333333333335,0.0,"GENE_4,GENE_4088,GENE_3296,GENE_2190,GENE_3721,GENE_125"
DRUG_0484,0.1845973958532562,8,0.87,0.18624999999999997,0.18624999999999997,0.0,"GENE_4201,GENE_2297,GENE_1337,GENE_3060,GENE_1642,GENE_4667,GENE_3027,GENE_410"
DRUG_0753,0.18442180054950003,10,0.81,0.23400000000000004,0.23400000000000004,0.0,"GENE_3205,GENE_106,GENE_346,GENE_3353,GENE_2329,GENE_2926,GENE_2252,GENE_2067,GENE_4219,GENE_3024"
DRUG_0364,0.1802348775794697,3,0.81,0.3066666666666667,0.3066666666666667,0.0,"GENE_1329,GENE_1450,GENE_1751"
DRUG_0980,0.1800233393557764,6,0.79,0.2333333333333333,0.2333333333333333,0.0,"GENE_1494,GENE_2255,GENE_126,GENE_352,GENE_1153,GENE_4430"
DRUG_0778,0.18,1,0.18,0.18,0.18,0.0,GENE_2408
DRUG_0972,0.1788230830193689,7,0.96,0.22,0.22,0.0,"GENE_371,GENE_26,GENE_1486,GENE_2168,GENE_3612,GENE_3348,GENE_4972"
DRUG_0769,0.17766192845032214,8,0.81,0.19125,0.19125,0.0,"GENE_2897,GENE_1570,GENE_2202,GENE_3228,GENE_4848,GENE_1735,GENE_4752,GENE_415"
DRUG_0830,0.17341663353637296,8,0.78,0.1925,0.1925,0.0,"GENE_1531,GENE_436,GENE_511,GENE_1761,GENE_1582,GENE_2021,GENE_276,GENE_1994"
DRUG_0486,0.17279678628593026,2,0.19,0.155,0.155,0.0,"GENE_2449,GENE_586"
DRUG_0564,0.17,1,0.17,0.17,0.17,0.0,GENE_2826
DRUG_0569,0.17,1,0.17,0.17,0.17,0.0,GENE_4675
DRUG_0231,0.17,1,0.17,0.17,0.17,0.0,GENE_1733
DRUG_0420,0.17,1,0.17,0.17,0.17,0.0,GENE_4154
DRUG_0467,0.16799285301979927,2,0.19,0.155,0.155,0.0,"GENE_532,GENE_43"
DRUG_0218,0.167583847021226,7,0.9,0.1942857142857143,0.1942857142857143,0.0,"GENE_3884,GENE_4497,GENE_3852,GENE_1319,GENE_3077,GENE_362,GENE_3370"
DRUG_0965,0.1637920760979574,2,0.19,0.165,0.165,0.0,"GENE_3257,GENE_3511"
DRUG_0264,0.16096321758679227,2,0.18,0.16499999999999998,0.16499999999999998,0.0,"GENE_4366,GENE_4549"
DRUG_0083,0.15916745465422852,7,0.8,0.18714285714285714,0.18714285714285714,0.0,"GENE_2456,GENE_3793,GENE_882,GENE_2022,GENE_4825,GENE_1604,GENE_2574"
DRUG_0917,0.15805912742863673,7,0.8,0.20857142857142857,0.20857142857142857,0.0,"GENE_2730,GENE_1692,GENE_4989,GENE_2103,GENE_2116,GENE_454,GENE_4718"
DRUG_0355,0.1576364103910966,5,0.22,0.15200000000000002,0.15200000000000002,0.0,"GENE_4759,GENE_4810,GENE_326,GENE_3608,GENE_1397"
DRUG_0247,0.15519324038405544,9,0.84,0.1711111111111111,0.1711111111111111,0.0,"GENE_542,GENE_1127,GENE_3102,GENE_3402,GENE_1567,GENE_3756,GENE_4776,GENE_104,GENE_393"
DRUG_0190,0.15370888444731182,2,0.16,0.155,0.155,0.0,"GENE_2236,GENE_2477"
DRUG_0021,0.1536903318684395,6,0.23,0.155,0.155,0.0,"GENE_696,GENE_4867,GENE_4897,GENE_3865,GENE_3024,GENE_4076"
DRUG_0048,0.15342529118763218,7,0.79,0.19285714285714287,0.19285714285714287,0.0,"GENE_2686,GENE_4544,GENE_205,GENE_3723,GENE_3433,GENE_4116,GENE_2513"
DRUG_0117,0.1522279771157025,6,0.68,0.20000000000000004,0.20000000000000004,0.0,"GENE_629,GENE_4811,GENE_4719,GENE_4987,GENE_3770,GENE_4547"
DRUG_0335,0.15,1,0.15,0.15,0.15,0.0,GENE_3833
DRUG_0805,0.15,1,0.15,0.15,0.15,0.0,GENE_4293
DRUG_0770,0.14946899094060026,2,0.23,0.165,0.165,0.0,"GENE_4608,GENE_4619"
DRUG_0200,0.14763267975603073,3,0.15,0.14666666666666667,0.14666666666666667,0.0,"GENE_1657,GENE_1227,GENE_4412"
DRUG_0597,0.14681953786084134,2,0.18,0.13,0.13,0.0,"GENE_2361,GENE_337"
DRUG_0833,0.14573364080801995,10,0.83,0.187,0.187,0.0,"GENE_4589,GENE_3953,GENE_3785,GENE_140,GENE_194,GENE_1069,GENE_4366,GENE_2798,GENE_4255,GENE_4101"
DRUG_0822,0.1455194429374048,3,0.18,0.14,0.14,0.0,"GENE_3004,GENE_3181,GENE_1723"
DRUG_0544,0.1448635220477326,9,0.89,0.1811111111111111,0.1811111111111111,0.0,"GENE_4432,GENE_246,GENE_4981,GENE_2833,GENE_2343,GENE_1136,GENE_65,GENE_947,GENE_1036"
DRUG_0835,0.1442661844765373,4,0.18,0.1275,0.1275,0.0,"GENE_3047,GENE_4568,GENE_4065,GENE_3042"
DRUG_0144,0.14291389091459988,2,0.15,0.135,0.135,0.0,"GENE_1339,GENE_519"
DRUG_0343,0.14259148670663724,5,0.19,0.14,0.14,0.0,"GENE_116,GENE_2687,GENE_1686,GENE_1216,GENE_479"
DRUG_0614,0.14,1,0.14,0.14,0.14,0.0,GENE_144
DRUG_0316,0.14,1,0.14,0.14,0.14,0.0,GENE_3743
DRUG_0074,0.14,1,0.14,0.14,0.14,0.0,GENE_2300
DRUG_0936,0.13265945090664705,7,0.85,0.19428571428571434,0.19428571428571434,0.0,"GENE_2300,GENE_4226,GENE_2545,GENE_3850,GENE_4475,GENE_806,GENE_4901"
DRUG_0592,0.13,1,0.13,0.13,0.13,0.0,GENE_1631
DRUG_0656,0.13,1,0.13,0.13,0.13,0.0,GENE_3010
DRUG_0977,0.13,1,0.13,0.13,0.13,0.0,GENE_1748
DRUG_0362,0.13,1,0.13,0.13,0.13,0.0,GENE_671
DRUG_0390,0.13,1,0.13,0.13,0.13,0.0,GENE_3825
DRUG_0751,0.13,1,0.13,0.13,0.13,0.0,GENE_1702
DRUG_0274,0.1291295814185469,4,0.21,0.135,0.135,0.0,"GENE_3590,GENE_2006,GENE_522,GENE_1803"
DRUG_0511,0.1277161801500367,3,0.18,0.12333333333333334,0.12333333333333334,0.0,"GENE_3190,GENE_2912,GENE_200"
DRUG_0976,0.12738168274262007,3,0.14,0.12666666666666668,0.12666666666666668,0.0,"GENE_950,GENE_2186,GENE_2499"
DRUG_0970,0.1273488803894079,2,0.15,0.13,0.13,0.0,"GENE_1974,GENE_4751"
DRUG_0002,0.1267069165126146,2,0.13,0.125,0.125,0.0,"GENE_2121,GENE_4499"
DRUG_0475,0.1265772763160548,5,0.15,0.11800000000000002,0.11800000000000002,0.0,"GENE_4371,GENE_4554,GENE_1670,GENE_1811,GENE_3731"
DRUG_0277,0.12577372202138537,3,0.15,0.12666666666666668,0.12666666666666668,0.0,"GENE_2515,GENE_4293,GENE_763"
DRUG_0214,0.12493017610281132,6,0.18,0.10833333333333335,0.10833333333333335,0.0,"GENE_3373,GENE_3150,GENE_2249,GENE_2283,GENE_902,GENE_2904"
DRUG_0726,0.12348013382877575,10,0.18,0.12000000000000002,0.12000000000000002,0.0,"GENE_635,GENE_2640,GENE_807,GENE_301,GENE_698,GENE_4592,GENE_2520,GENE_2157,GENE_558,GENE_3832"
DRUG_0814,0.12276803323973569,2,0.16,0.115,0.115,0.0,"GENE_4626,GENE_3902"
DRUG_0508,0.12011452421694753,3,0.13,0.11666666666666665,0.11666666666666665,0.0,"GENE_4787,GENE_3592,GENE_1978"
DRUG_0757,0.12000000000000001,1,0.12,0.12,0.12,0.0,GENE_2686
DRUG_0225,0.12,1,0.12,0.12,0.12,0.0,GENE_1134
DRUG_0397,0.12,1,0.12,0.12,0.12,0.0,GENE_194
DRUG_0540,0.12,1,0.12,0.12,0.12,0.0,GENE_965
DRUG_0799,0.12,1,0.12,0.12,0.12,0.0,GENE_2295
DRUG_0192,0.12,1,0.12,0.12,0.12,0.0,GENE_4528
DRUG_0637,0.11900432353522258,10,0.17,0.11100000000000002,0.11100000000000002,0.0,"GENE_1107,GENE_1509,GENE_4830,GENE_3448,GENE_4399,GENE_3832,GENE_4589,GENE_2702,GENE_2749,GENE_3528"
DRUG_0116,0.11786336041119165,2,0.16,0.13,0.13,0.0,"GENE_456,GENE_3083"
DRUG_0076,0.11761214248471236,3,0.17,0.12333333333333334,0.12333333333333334,0.0,"GENE_2806,GENE_1393,GENE_2649"
DRUG_0988,0.1169800155942398,2,0.13,0.12,0.12,0.0,"GENE_980,GENE_763"
DRUG_0295,0.11687500347292631,2,0.13,0.115,0.115,0.0,"GENE_2670,GENE_4231"
DRUG_0638,0.11659607612525343,4,0.15,0.1075,0.1075,0.0,"GENE_1876,GENE_324,GENE_3310,GENE_4019"
DRUG_0366,0.11495721470243354,2,0.15,0.11499999999999999,0.11499999999999999,0.0,"GENE_3417,GENE_4293"
DRUG_0803,0.11448847139214142,2,0.14,0.12000000000000001,0.12000000000000001,0.0,"GENE_2996,GENE_1841"
DRUG_0855,0.11346998266315307,6,0.17,0.11,0.11,0.0,"GENE_4154,GENE_4722,GENE_4059,GENE_2069,GENE_4939,GENE_259"
DRUG_0414,0.11303569879668761,3,0.14,0.11666666666666668,0.11666666666666668,0.0,"GENE_3743,GENE_3408,GENE_4143"
DRUG_0278,0.1128303006188525,6,0.2,0.11,0.11,0.0,"GENE_3703,GENE_716,GENE_2428,GENE_517,GENE_2043,GENE_3164"
DRUG_0014,0.11171745767101034,2,0.14,0.115,0.115,0.0,"GENE_3721,GENE_2550"
DRUG_0004,0.11162729828573335,4,0.16,0.10500000000000001,0.10500000000000001,0.0,"GENE_2797,GENE_1465,GENE_2088,GENE_3189"
DRUG_0161,0.11030310105325457,2,0.12,0.105,0.105,0.0,"GENE_1198,GENE_511"
DRUG_0647,0.11,1,0.11,0.11,0.11,0.0,GENE_3547
DRUG_0248,0.11,1,0.11,0.11,0.11,0.0,GENE_322
DRUG_0525,0.11,1,0.11,0.11,0.11,0.0,GENE_2379
DRUG_0320,0.11,1,0.11,0.11,0.11,0.0,GENE_2795
DRUG_0743,0.11,1,0.11,0.11,0.11,0.0,GENE_4674
DRUG_0279,0.1090428302438471,7,0.16,0.10142857142857144,0.10142857142857144,0.0,"GENE_968,GENE_807,GENE_3245,GENE_4521,GENE_3481,GENE_4209,GENE_97"
DRUG_0210,0.1081962830791837,5,0.17,0.10600000000000001,0.10600000000000001,0.0,"GENE_3893,GENE_2932,GENE_60,GENE_3460,GENE_2770"
DRUG_0040,0.10717607378455352,4,0.21,0.1125,0.1125,0.0,"GENE_3532,GENE_691,GENE_1978,GENE_2392"
DRUG_0424,0.1069592552295763,2,0.17,0.10500000000000001,0.10500000000000001,0.0,"GENE_1656,GENE_4053"
DRUG_0471,0.10595530022602652,3,0.11,0.10666666666666667,0.10666666666666667,0.0,"GENE_1035,GENE_4751,GENE_3374"
DRUG_0204,0.10563003293260495,2,0.12,0.1,0.1,0.0,"GENE_282,GENE_4383"
DRUG_0818,0.10503651657669197,2,0.13,0.1,0.1,0.0,"GENE_2721,GENE_2877"
DRUG_0098,0.10416566495961983,2,0.16,0.115,0.115,0.0,"GENE_3267,GENE_2520"
DRUG_0667,0.10333343374649463,3,0.15,0.09999999999999999,0.09999999999999999,0.0,"GENE_2373,GENE_1995,GENE_416"
DRUG_0901,0.10199619479665635,3,0.17,0.11666666666666668,0.11666666666666668,0.0,"GENE_339,GENE_4648,GENE_755"
DRUG_0183,0.1016736088840681,4,0.17,0.0975,0.0975,0.0,"GENE_2117,GENE_2910,GENE_3577,GENE_3944"
DRUG_0450,0.10055757859480689,2,0.11,0.095,0.095,0.0,"GENE_4384,GENE_4518"
DRUG_0239,0.10026988498953042,3,0.11,0.09666666666666666,0.09666666666666666,0.0,"GENE_3503,GENE_1188,GENE_1892"
DRUG_0071,0.10000000000000002,1,0.1,0.1,0.1,0.0,GENE_406
DRUG_0738,0.1,1,0.1,0.1,0.1,0.0,GENE_1644
DRUG_0695,0.1,1,0.1,0.1,0.1,0.0,GENE_276
DRUG_0229,0.1,1,0.1,0.1,0.1,0.0,GENE_3730
DRUG_0384,0.1,1,0.1,0.1,0.1,0.0,GENE_2438
DRUG_0489,0.1,1,0.1,0.1,0.1,0.0,GENE_4578
DRUG_0811,0.1,1,0.1,0.1,0.1,0.0,GENE_2753
DRUG_0460,0.1,1,0.1,0.1,0.1,0.0,GENE_2454
DRUG_0226,0.09975116649797572,9,0.22,0.09555555555555556,0.09555555555555556,0.0,"GENE_4101,GENE_3435,GENE_2360,GENE_3507,GENE_1034,GENE_4060,GENE_654,GENE_3946,GENE_665"
DRUG_0441,0.09939037497499645,2,0.14,0.11000000000000001,0.11000000000000001,0.0,"GENE_3054,GENE_4482"
DRUG_0391,0.09907143200745365,2,0.11,0.1,0.1,0.0,"GENE_2928,GENE_4575"
DRUG_0372,0.09867953050592357,2,0.14,0.11000000000000001,0.11000000000000001,0.0,"GENE_2015,GENE_2678"
DRUG_0459,0.09865723277998571,3,0.15,0.09333333333333334,0.09333333333333334,0.0,"GENE_3502,GENE_4874,GENE_312"
DRUG_0526,0.09865341354205857,6,0.16,0.10666666666666667,0.10666666666666667,0.0,"GENE_1915,GENE_1561,GENE_3067,GENE_3025,GENE_4201,GENE_501"
DRUG_0088,0.09810086951715982,3,0.11,0.09666666666666668,0.09666666666666668,0.0,"GENE_3309,GENE_445,GENE_1857"
DRUG_0729,0.09751838963849103,4,0.22,0.1125,0.1125,0.0,"GENE_1916,GENE_3507,GENE_4246,GENE_2901"
DRUG_0090,0.09579127994786177,5,0.14,0.094,0.094,0.0,"GENE_2761,GENE_2962,GENE_2841,GENE_3035,GENE_257"
DRUG_0747,0.09498647425644649,6,0.14,0.09833333333333333,0.09833333333333333,0.0,"GENE_1929,GENE_1644,GENE_3721,GENE_4339,GENE_4542,GENE_692"
DRUG_0136,0.09450033931496936,4,0.11,0.09,0.09,0.0,"GENE_4811,GENE_1404,GENE_1388,GENE_4354"
DRUG_0512,0.09334017081931312,6,0.11,0.09333333333333334,0.09333333333333334,0.0,"GENE_1936,GENE_4518,GENE_1619,GENE_3036,GENE_2735,GENE_3199"
DRUG_0060,0.0931107688027715,4,0.15,0.0875,0.0875,0.0,"GENE_3189,GENE_4322,GENE_808,GENE_2172"
DRUG_0625,0.0929980109200544,6,0.16,0.09500000000000001,0.09500000000000001,0.0,"GENE_3580,GENE_2512,GENE_902,GENE_1090,GENE_4055,GENE_3038"
DRUG_0611,0.09242792550407813,6,0.14,0.09333333333333334,0.09333333333333334,0.0,"GENE_3008,GENE_2657,GENE_3461,GENE_4097,GENE_1950,GENE_1742"
DRUG_0522,0.09240477911242376,3,0.13,0.08666666666666667,0.08666666666666667,0.0,"GENE_1567,GENE_4296,GENE_1817"
DRUG_0375,0.09106022175939336,3,0.16,0.10000000000000002,0.10000000000000002,0.0,"GENE_4916,GENE_3502,GENE_3838"
DRUG_0618,0.09,1,0.09,0.09,0.09,0.0,GENE_601
DRUG_0331,0.09,1,0.09,0.09,0.09,0.0,GENE_1689
DRUG_0244,0.09,1,0.09,0.09,0.09,0.0,GENE_4765
DRUG_0427,0.09,1,0.09,0.09,0.09,0.0,GENE_4943
DRUG_0566,0.09,1,0.09,0.09,0.09,0.0,GENE_3188
DRUG_0736,0.08934020604770007,4,0.11,0.09,0.09,0.0,"GENE_4722,GENE_2713,GENE_3547,GENE_4598"
DRUG_0944,0.08688540759523738,2,0.09,0.08499999999999999,0.08499999999999999,0.0,"GENE_2423,GENE_2970"
DRUG_0266,0.0868463998401495,4,0.14,0.0925,0.0925,0.0,"GENE_2721,GENE_4982,GENE_414,GENE_3464"
DRUG_0534,0.08531866277155002,9,0.14,0.07888888888888888,0.07888888888888888,0.0,"GENE_1048,GENE_4417,GENE_1029,GENE_3130,GENE_1062,GENE_115,GENE_1160,GENE_1866,GENE_2594"
DRUG_0132,0.08339056319982141,5,0.14,0.09000000000000001,0.09000000000000001,0.0,"GENE_1446,GENE_2217,GENE_2264,GENE_2486,GENE_2535"
DRUG_0462,0.08298873300791455,2,0.12,0.09,0.09,0.0,"GENE_4449,GENE_1137"
DRUG_0395,0.08,1,0.08,0.08,0.08,0.0,GENE_179
DRUG_0139,0.08,1,0.08,0.08,0.08,0.0,GENE_3967
DRUG_0507,0.08,1,0.08,0.08,0.08,0.0,GENE_3670
DRUG_0078,0.08,1,0.08,0.08,0.08,0.0,GENE_351
DRUG_0128,0.08,1,0.08,0.08,0.08,0.0,GENE_2478
DRUG_0143,0.07906856361848187,8,0.17,0.07875,0.07875,0.0,"GENE_4126,GENE_3035,GENE_3670,GENE_2225,GENE_3843,GENE_4778,GENE_3395,GENE_806"
DRUG_0141,0.07796966806080838,2,0.11,0.06,0.06,0.0,"GENE_733,GENE_836"
DRUG_0659,0.07686843537625372,4,0.13,0.0825,0.0825,0.0,"GENE_3372,GENE_4573,GENE_1402,GENE_4472"
DRUG_0787,0.07422895095259593,5,0.1,0.06200000000000001,0.06200000000000001,0.0,"GENE_1527,GENE_3500,GENE_4283,GENE_1100,GENE_3423"
DRUG_0006,0.07,1,0.07,0.07,0.07,0.0,GENE_1098
DRUG_0338,0.07,1,0.07,0.07,0.07,0.0,GENE_4277
DRUG_0825,0.07,1,0.07,0.07,0.07,0.0,GENE_1040
DRUG_0740,0.07,1,0.07,0.07,0.07,0.0,GENE_2994
DRUG_0705,0.07,1,0.07,0.07,0.07,0.0,GENE_841
DRUG_0437,0.07,1,0.07,0.07,0.07,0.0,GENE_4396
DRUG_0831,0.06904594065728335,4,0.1,0.07250000000000001,0.07250000000000001,0.0,"GENE_4598,GENE_3873,GENE_4253,GENE_1681"
DRUG_0049,0.06760037818045558,4,0.12,0.07500000000000001,0.07500000000000001,0.0,"GENE_1515,GENE_4429,GENE_773,GENE_2810"
DRUG_0412,0.06659729552133459,4,0.13,0.06999999999999999,0.06999999999999999,0.0,"GENE_2951,GENE_1463,GENE_228,GENE_2848"
DRUG_0952,0.06484337175368599,7,0.11,0.058571428571428566,0.058571428571428566,0.0,"GENE_2230,GENE_2928,GENE_240,GENE_3545,GENE_780,GENE_698,GENE_4575"
DRUG_0699,0.06,1,0.06,0.06,0.06,0.0,GENE_3609
DRUG_0657,0.06,1,0.06,0.06,0.06,0.0,GENE_1179
DRUG_0398,0.05993943977945823,3,0.07,0.06,0.06,0.0,"GENE_404,GENE_1755,GENE_1911"
DRUG_0272,0.05,1,0.05,0.05,0.05,0.0,GENE_4810
DRUG_0578,0.04557162436291843,3,0.08,0.043333333333333335,0.043333333333333335,0.0,"GENE_3908,GENE_3126,GENE_202"
DRUG_0934,0.04000000000000001,2,0.04,0.04,0.04,0.0,"GENE_4670,GENE_583"
DRUG_0989,0.04,1,0.04,0.04,0.04,0.0,GENE_2044
DRUG_0270,0.04,1,0.04,0.04,0.04,0.0,GENE_3251
DRUG_0159,0.04,1,0.04,0.04,0.04,0.0,GENE_1604
DRUG_0872,0.036094220341850065,2,0.08,0.045,0.045,0.0,"GENE_4667,GENE_3908"
DRUG_0500,0.023107121289709542,2,0.03,0.025,0.025,0.0,"GENE_2546,GENE_1866"
DRUG_0174,0.02,1,0.02,0.02,0.02,0.0,GENE_2492
DRUG_0354,0.010000000000000002,1,0.01,0.01,0.01,0.0,GENE_559
DRUG_0311,0.01,1,0.01,0.01,0.01,0.0,GENE_1399
